p1,p3,p5,p10,p100,ndcg1,ndcg3,ndcg5,ndcg10,ndcg100,ap1,ap3,ap5,ap10,ap100,ap_full,num_rel,
1.0,1.0,1.0,1.0,0.78,1.0,1.0,1.0,1.0,0.9981780524265379,0.0126582278481,0.0379746835443,0.0632911392405,0.126582278481,0.976827862337,0.976827862337,78,
0.0,0.0,0.0,0.0,0.0,0.0,0.0,0.0,0.0,0.0,0.0,0.0,0.0,0.0,0.0,0.000457629213357,6,
1.0,1.0,0.8,0.8,0.65,1.0,1.0,0.8539316501572937,0.8415908474314976,0.6807440266427895,0.00552486187845,0.0165745856354,0.0209944751381,0.0400793650794,0.256740378153,0.545544015523,161,
0.0,0.333333333333,0.2,0.2,0.16,0.0,0.23463936301137822,0.16958010263680806,0.17630010660342912,0.3954822744556224,0.0,0.0111111111111,0.0111111111111,0.0185185185185,0.103877407416,0.127194609703,27,
0.0,0.333333333333,0.4,0.5,0.18,0.0,0.2960819109658652,0.34519134224686937,0.42331179510529354,0.7351962529276175,0.0,0.0208333333333,0.0375,0.0924768518519,0.373691458738,0.373691458738,18,
1.0,1.0,1.0,1.0,0.93,1.0,1.0,1.0,1.0,0.9851917258603544,0.0106382978723,0.031914893617,0.0531914893617,0.106382978723,0.955118882186,0.96482762005,94,
1.0,1.0,1.0,1.0,0.78,1.0,1.0,1.0,1.0,0.8255169402401333,0.00869565217391,0.0260869565217,0.0434782608696,0.0869565217391,0.624490242244,0.761092509429,114,
0.0,0.333333333333,0.2,0.2,0.51,0.0,0.2960819109658652,0.21398626473452756,0.2082936658103318,0.4644100150668427,0.0,0.00310559006211,0.00310559006211,0.00465838509317,0.14195338613,0.420230891747,156,
0.0,0.666666666667,0.8,0.9,0.48,0.0,0.5307212739772434,0.6608397947263839,0.7799082337019199,0.5374079742672683,0.0,0.0101449275362,0.0236231884058,0.0614872325742,0.316921201239,0.518658846253,111,
0.0,0.0,0.0,0.0,0.02,0.0,0.0,0.0,0.0,0.13423237022766094,0.0,0.0,0.0,0.0,0.0130385487528,0.0266940109377,4,
0.0,0.0,0.2,0.4,0.39,0.0,0.0,0.13120507751234178,0.3063365306564336,0.5924717750056102,0.0,0.0,0.0018018018018,0.0131703131703,0.154134104544,0.195521111951,53,
0.0,0.0,0.0,0.0,0.01,0.0,0.0,0.0,0.0,0.007930190374208272,0.0,0.0,0.0,0.0,6.103515625e-05,0.0198265560553,147,
0.0,0.333333333333,0.2,0.2,0.07,0.0,0.2960819109658652,0.21398626473452756,0.21726071285222986,0.2948463441554335,0.0,0.0208333333333,0.0208333333333,0.0347222222222,0.0551211474366,0.0751203065139,17,
1.0,1.0,1.0,1.0,0.19,1.0,1.0,1.0,1.0,0.8641140087835386,0.047619047619,0.142857142857,0.238095238095,0.47619047619,0.653394599273,0.662078072662,21,
0.0,0.0,0.0,0.1,0.02,0.0,0.0,0.0,0.07839826897867533,0.030858402086310605,0.0,0.0,0.0,0.00185185185185,0.00256869772999,0.0559002361223,81,
0.0,0.0,0.0,0.1,0.02,0.0,0.0,0.0,0.0979129253499678,0.1427593343270651,0.0,0.0,0.0,0.00113378684807,0.00133096716948,0.00182419909462,7,
0.0,0.0,0.0,0.0,0.0,0.0,0.0,0.0,0.0,0.0,0.0,0.0,0.0,0.0,0.0,0.0,0,
0.0,0.0,0.0,0.0,0.0,0.0,0.0,0.0,0.0,0.0,0.0,0.0,0.0,0.0,0.0,0.00151057401813,1,
0.0,0.0,0.0,0.0,0.0,0.0,0.0,0.0,0.0,0.0,0.0,0.0,0.0,0.0,0.0,0.00271739130435,1,
1.0,0.666666666667,0.8,0.8,0.21,1.0,0.7653606369886217,0.830419897363192,0.8205228949141826,0.8582530817973604,0.00862068965517,0.0172413793103,0.0306034482759,0.0587780514505,0.103154473582,0.103154473582,21,
0.0,0.0,0.0,0.0,0.13,0.0,0.0,0.0,0.0,0.14591440718995427,0.0,0.0,0.0,0.0,0.0150080441348,0.0489263051356,62,
0.0,0.333333333333,0.2,0.4,0.14,0.0,0.23463936301137822,0.16958010263680806,0.3241295975188817,0.6707983332163115,0.0,0.0015873015873,0.0015873015873,0.00707671957672,0.0284980103152,0.0284980103152,14,
1.0,1.0,0.8,0.7,0.29,1.0,1.0,0.8687949224876582,0.7849818707050383,0.4076663510123059,0.00632911392405,0.0189873417722,0.0253164556962,0.0415536467752,0.118589687299,0.234540859399,92,
0.0,0.0,0.0,0.0,0.01,0.0,0.0,0.0,0.0,0.02028716752728419,0.0,0.0,0.0,0.0,0.000404858299595,0.01123566744,22,
1.0,1.0,1.0,1.0,0.3,1.0,1.0,1.0,1.0,0.9997981694891248,0.03125,0.09375,0.15625,0.3125,0.936491935484,0.936491935484,30,
1.0,1.0,0.8,0.6,0.32,1.0,1.0,0.8687949224876582,0.7065836017263629,0.751079391692338,0.0212765957447,0.063829787234,0.0851063829787,0.116261398176,0.397275956419,0.422987298808,40,
1.0,0.333333333333,0.4,0.2,0.09,1.0,0.46927872602275644,0.4703652827859579,0.30523488393970116,0.3350125743731266,0.0344827586207,0.0344827586207,0.048275862069,0.048275862069,0.0835696351046,0.105566534199,25,
0.0,0.0,0.0,0.0,0.03,0.0,0.0,0.0,0.0,0.10329939641829175,0.0,0.0,0.0,0.0,0.00950374345723,0.0238697854178,13,
1.0,1.0,1.0,1.0,0.35,1.0,1.0,1.0,1.0,0.8995554980076822,0.0232558139535,0.0697674418605,0.116279069767,0.232558139535,0.697274222345,0.710516168235,39,
1.0,0.666666666667,0.8,0.9,0.64,1.0,0.7039180890341347,0.7860137352654724,0.8611375561264454,0.6621274824932498,0.00606060606061,0.010101010101,0.0194949494949,0.045885040885,0.268846502465,0.509937489022,147,
1.0,1.0,1.0,1.0,0.23,1.0,1.0,1.0,1.0,0.9983992108063741,0.00724637681159,0.0217391304348,0.036231884058,0.0724637681159,0.165375228112,0.165375228112,23,
1.0,1.0,1.0,1.0,0.95,1.0,1.0,1.0,1.0,0.950810376777111,0.00201612903226,0.00604838709677,0.0100806451613,0.0201612903226,0.179703594884,0.212402390259,112,
1.0,1.0,1.0,1.0,0.6,1.0,1.0,1.0,1.0,0.9677534465459663,0.015625,0.046875,0.078125,0.15625,0.887156118976,0.9053880964,62,
0.0,0.0,0.0,0.0,0.0,0.0,0.0,0.0,0.0,0.0,0.0,0.0,0.0,0.0,0.0,0.0,0,
0.0,0.0,0.0,0.1,0.06,0.0,0.0,0.0,0.06362078819895171,0.07399500248648015,0.0,0.0,0.0,0.000369003690037,0.00129780061636,0.0186325151457,61,
1.0,1.0,1.0,1.0,0.61,1.0,1.0,1.0,1.0,1.0,0.00393700787402,0.011811023622,0.0196850393701,0.0393700787402,0.240157480315,0.240157480315,61,
1.0,1.0,1.0,1.0,1.0,1.0,1.0,1.0,1.0,1.0,0.00671140939597,0.0201342281879,0.0335570469799,0.0671140939597,0.671140939597,0.89932885906,134,
1.0,1.0,1.0,1.0,0.95,1.0,1.0,1.0,1.0,0.960161467728667,0.00236406619385,0.00709219858156,0.0118203309693,0.0236406619385,0.219932998784,0.655197810578,349,
1.0,1.0,0.8,0.9,0.87,1.0,1.0,0.8539316501572937,0.9052116356304493,0.8853629358945442,0.00315457413249,0.00946372239748,0.0119873817035,0.0257235491463,0.253623981202,0.85794479213,313,
1.0,1.0,1.0,1.0,0.81,1.0,1.0,1.0,1.0,0.8462852626467312,0.00361010830325,0.0108303249097,0.0180505415162,0.0361010830325,0.268283786754,0.499228063206,189,
1.0,1.0,1.0,1.0,0.97,1.0,1.0,1.0,1.0,0.9764764995763721,0.00171821305842,0.00515463917526,0.0085910652921,0.0171821305842,0.164765663562,0.867905676819,533,
0.0,0.0,0.0,0.0,0.04,0.0,0.0,0.0,0.0,0.33731784343983756,0.0,0.0,0.0,0.0,0.000542290086766,0.000542290086766,4,
1.0,1.0,1.0,1.0,0.63,1.0,1.0,1.0,1.0,0.9994895242319282,0.00512820512821,0.0153846153846,0.025641025641,0.0512820512821,0.322118056264,0.322118056264,63,
1.0,1.0,1.0,1.0,0.94,1.0,1.0,1.0,1.0,0.9486814329231247,0.00154083204931,0.00462249614792,0.00770416024653,0.0154083204931,0.139240746611,0.266369228068,203,
1.0,1.0,1.0,1.0,0.15,1.0,1.0,1.0,1.0,1.0,0.00641025641026,0.0192307692308,0.0320512820513,0.0641025641026,0.0961538461538,0.0961538461538,15,
0.0,0.0,0.0,0.0,0.0,0,0,0,0,0,0.0,0.0,0.0,0.0,0.0,0.0,0,
1.0,1.0,0.8,0.9,0.74,1.0,1.0,0.8687949224876582,0.914856882358379,0.9472739377704331,0.0027397260274,0.00821917808219,0.0109589041096,0.0228886714503,0.162512735623,0.162512735623,74,
1.0,1.0,1.0,0.7,0.59,1.0,1.0,1.0,0.7909506325094737,0.7135100739432628,0.00645161290323,0.0193548387097,0.0322580645161,0.0432258064516,0.220107104739,0.296136445496,79,
0.0,0.0,0.0,0.0,0.01,0.0,0.0,0.0,0.0,0.051573320538546435,0.0,0.0,0.0,0.0,0.00105374077977,0.00298067022853,12,
1.0,1.0,1.0,0.8,0.8,1.0,1.0,1.0,0.8482378089219645,0.8239026457520134,0.00331125827815,0.00993377483444,0.0165562913907,0.0242641648271,0.23260963819,0.598588815546,262,
0.54,0.56,0.544,0.548,0.373,0.54,0.5565360636988621,0.546108318648409,0.5490956247807923,0.5604824904225084,0.00576752881898,0.0169415580967,0.0270647552059,0.052132937579,0.230273254773,0.318648108564,83,