8760304 36.3681500393
10590213 31.2114556027
11791172 30.0315724028
11242102 27.9624297024
8114714 26.8421970741
9484809 26.5619667269
11698336 24.1031193299
11024181 23.7147010503
11466694 23.3007213635
12947385 22.897573444
11285192 22.6373685649
7644500 22.1470657204
12167722 21.8598034904
9989808 21.2879123468
14555233 21.2013165291
10918588 21.1663578341
10363973 21.1411727307
11563486 21.117278728
10956666 21.1130723009
8921272 21.0894918845
10327055 20.9552047983
9435285 20.8847755828
10660492 20.8313326206
10679327 20.8217574051
8841477 20.6970121009
11029511 20.349795078
10082548 20.1029675158
12861027 19.8413624139
7923116 19.7445239374
12139469 19.7342536637
11896594 19.6904442586
11781827 19.5497577825
9455805 19.5241327365
14612404 19.5069128367
10753787 19.3362839899
12650433 19.3222573119
10049778 19.3209113603
12850759 19.3151534973
11038413 19.3002270504
7664292 19.2319065662
9565608 19.1847800979
11585921 19.1746737026
9679979 19.1101185872
11004503 19.0922080477
10449033 19.072844999
8202955 19.0511352034
10955790 19.0492560545
7794383 19.0424108819
9479003 18.8321817504
10562283 18.8168671031
10514416 18.7539547486
12451134 18.74661812
9516963 18.5235210893
12065051 18.4524697202
12210728 18.392310054
12663519 18.3806045821
12468545 18.220215497
11101828 18.0672440977
12200154 17.8273288221
8240992 17.7572808867
12559169 17.5685369378
10524431 17.5483643677
10947116 17.3943372864
9448044 17.2739783128
9815856 17.2523830441
8180374 17.0887681518
10099829 17.069337441
12533428 17.0378958545
10859352 17.0065571527
12756247 16.9443034725
11960905 16.9239182564
12676346 16.7893252384
7478567 16.7670661835
12450789 16.7083446873
11134068 16.6446095995
10462750 16.6259915656
10728664 16.5897929343
7698255 16.4698280429
10869121 16.4314991605
9528853 16.4170689389
11810634 16.3994207269
8955713 16.3904675641
11084338 16.3435627929
10023442 15.8800026077
7982477 15.8538899378
8635454 15.7136015457
8693593 15.7121324224
9870454 15.5768320806
9533467 15.5632257516
12748186 15.5037953712
11358493 15.4096591091
12175310 15.3808107591
10958667 15.353437493
9257692 15.3411023975
11020328 15.2380950545
11689355 15.1819472764
11350044 15.0945909118
14586414 15.0326349235
10443438 14.9803396271
12134064 14.9681202022
10773095 14.8912733183
9349496 14.8757462616
9372845 14.8745053952
12507302 14.8455527552
10484974 14.8198108721
9661891 14.7889405202
10197600 14.7357017021
10381953 14.715684563
12824158 14.709156222
7585571 14.5924400338
11971958 14.5737561763
8276265 14.3900102391
11003642 14.3198003497
10436009 14.3106847514
8950997 14.303192945
8028670 14.2831276118
8820583 14.2669129968
11172628 14.2393131881
11240376 14.2295867955
9535179 14.1288680741
11322368 14.1286059209
8863351 14.0641847046
10728718 13.9881101041
12456286 13.9747409818
12884349 13.9265883744
11696333 13.9193530305
12167688 13.906663366
12887907 13.8740030953
11469447 13.8454419034
11783039 13.8454419034
9593421 13.8454419034
11024475 13.8359525435
12509267 13.8013543235
12676537 13.78475711
7546616 13.78475711
10471483 13.78475711
7970729 13.7818979305
11479366 13.7539385609
9485007 13.7350004361
7931840 13.7246019601
8842485 13.7246019601
12198717 13.7246019601
7765317 13.7246019601
7970733 13.7050546402
8938795 13.6851278043
10779712 13.6818638421
11941899 13.6649695498
10681187 13.6649695498
12226532 13.6649695498
12042798 13.6649695498
12438138 13.6649695498
9810926 13.6649695498
9216715 13.6162285295
10893277 13.6058530948
9743107 13.6058530948
14615492 13.6058530948
8090040 13.6058530948
11503440 13.6058530948
7603172 13.6058530948
12359968 13.6058530948
11890225 13.6058530948
7536733 13.577434443
8846076 13.5594523602
8796092 13.5472459276
8021474 13.5472459276
1364464 13.5472459276
11184457 13.5472459276
8749384 13.5472459276
11920205 13.5472459276
9751604 13.5472459276
11335034 13.5472459276
11238892 13.5207256457
12235242 13.4894691921
9122155 13.4891414953
7743497 13.4790562677
8769647 13.457944926
12383764 13.4548809309
10328528 13.4121071008
12914700 13.3987928054
10391251 13.3875942295
12381805 13.3744151803
10912763 13.3744151803
11532631 13.3744151803
14522906 13.3667847105
11032416 13.3600844224
12548748 13.3177807419
12676053 13.3176656366
12359736 13.2965588804
9410774 13.261623922
11880696 13.2059387042
10652533 13.1920056848
9488208 13.1369023682
12067067 13.1298380729
12440809 13.1021969362
10627128 13.0959595099
10195885 13.0588345467
10811983 13.0480068081
7836857 13.0104075816
12481036 12.9355045611
8812120 12.8853482186
11709716 12.8799461495
11859406 12.8681955796
10550840 12.8349160321
7953544 12.8288622652
8609625 12.8141673748
12384184 12.8053281275
12789273 12.7814895152
11879553 12.77347177
12086044 12.7289838075
12719626 12.7243849572
12450786 12.6902191764
8195188 12.6673415326
7586197 12.6600727685
14560035 12.6393567099
12972261 12.630697663
10422540 12.6148272907
11677115 12.5903559389
9006086 12.5823495645
8524250 12.5820504786
10477287 12.5648160177
9096691 12.5558666495
12746329 12.5084439544
10543995 12.4825361714
11870916 12.472721773
11592095 12.4724170038
10403664 12.4634343321
11181451 12.4502593369
11447827 12.3942405975
11532341 12.3244589853
10633102 12.3197142347
11044365 12.2514678213
10506718 12.2428185174
10761921 12.2382971536
11188940 12.2160683379
9182843 12.1299806955
11892789 12.1025251977
11818084 12.0891720122
11695546 12.0311715872
7542778 12.0236764215
10912790 12.0094869361
9285700 11.9969422564
11095667 11.966167974
10229706 11.9595260368
11279192 11.9526040584
12485912 11.9517699888
11564752 11.9513530971
8939685 11.9513530971
9876885 11.9382565023
12540848 11.9155457299
12136132 11.9067331396
11793438 11.9003742878
10786695 11.8630562455
11045730 11.810391124
9584191 11.7557610909
12730111 11.752175737
11309417 11.7377895704
9483525 11.6927815264
10644891 11.6398543592
12154062 11.624255384
12826450 11.5666869024
10196666 11.5586312898
9884584 11.5561268092
9894790 11.5419037303
10611334 11.4999358813
10867214 11.4718227165
9789809 11.4481091656
9456169 11.3887397435
10882859 11.3887397435
12677654 11.3710847968
11895862 11.3128501966
9704404 11.3068515497
9617206 11.3068515497
9395239 11.2609604449
12861480 11.2261325467
10571685 11.201732404
12952364 11.1794889337
9222181 11.1794889337
10764788 11.150834848
10470322 11.1465578717
9595861 11.1465578717
12420228 11.1450130213
9413836 11.0745983158
11103796 11.0652706114
11140612 11.0431773648
10471736 11.0285638772
12517810 10.9693226509
11376126 10.9542965734
12865498 10.9524707063
8799937 10.9311828805
10096970 10.925395718
11900249 10.9144615392
8278402 10.9044163451
8310814 10.8994089207
7715296 10.8767152718
12079584 10.847236942
11577168 10.8020006005
11880544 10.7684103317
8566063 10.7645664459
11371761 10.728305391
12554857 10.728305391
8024269 10.728305391
7513889 10.728305391
10420066 10.728305391
8620501 10.725127863
11170289 10.6945249455
11057898 10.6918335862
10354500 10.6896823207
11529270 10.6556089193
9712552 10.6538851194
11376695 10.6434939273
10969804 10.6368633102
11494133 10.6224139967
10884686 10.6196288868
8137309 10.6135729508
11884368 10.6087726036
10197592 10.6055749986
12887906 10.6055749986
9494585 10.5882287797
11008233 10.5838910191
8879154 10.5803493977
11669573 10.5719525003
7954409 10.5484728724
11789098 10.5483928795
13679594 10.5483928795
9806944 10.5483928795
9209381 10.5295929007
8628279 10.5143637513
11420698 10.5128851784
10755401 10.4942739649
10660073 10.4836234473
7648222 10.4758813913
10517972 10.4468984488
11585745 10.4468613131
9536982 10.438350297
11809412 10.37441507
9529626 10.3168866446
12058449 10.3064203166
10937183 10.2901490431
12437339 10.2827060075
10200169 10.2716615743
10779121 10.2611428008
12562764 10.2417112694
12435858 10.2299029312
12189182 10.2114103899
10341705 10.2060830788
10459850 10.1849502507
11266435 10.1767161827
10943550 10.1767161827
7506499 10.1730700726
10702639 10.1574142189
7554031 10.1209480433
10963670 10.1181772016
12578829 10.0849733622
8123022 10.0834981315
14593167 10.043126472
11225032 10.0207349023
9546437 10.0195973355
10493945 10.0131527148
10526212 10.0110645376
8078192 9.98658804714
10994779 9.98135664903
10196661 9.97695667554
9634563 9.97398568428
11458984 9.96771639263
11429213 9.95959679992
11398971 9.94782659717
12001267 9.94675695468
7846126 9.92944429754
10934557 9.91646061904
9615742 9.91646061904
7529962 9.88718802294
11127580 9.8832506668
10988287 9.88276963274
8533158 9.88135755424
8950580 9.86923391146
11867759 9.85685921628
12447382 9.85520235548
11108720 9.8394270592
7784074 9.83629555583
11381141 9.8356676062
10679430 9.82353834523
11691798 9.8200342271
11062070 9.8172238513
10605931 9.8063815246
11933116 9.80295986387
11820739 9.80088805742
9450858 9.79295003959
11321038 9.74049570356
12183457 9.73141481897
11850828 9.67043074786
10871867 9.66110406848
11556833 9.66085221535
11030759 9.64282206221
8880867 9.63723961708
12210511 9.61334713677
12408960 9.61334713677
10073672 9.60982946819
9834187 9.59928325797
14634621 9.59806695243
11193023 9.58844392105
12714797 9.56942911984
7669728 9.56942911984
10727281 9.52820437821
12398201 9.5259936779
11382364 9.5259936779
8049075 9.52584274456
9813087 9.50265452534
12726854 9.49693548607
12824179 9.49123790814
10498894 9.48089090281
11280790 9.46640388781
11591730 9.45309944482
9006072 9.43505394233
10827000 9.43403242417
12810495 9.41361921844
7768551 9.41196229365
11936559 9.41196229365
11471038 9.41196229365
8878455 9.39386656334
11221893 9.38492693968
14612402 9.33443184584
9841917 9.30933434042
10398754 9.29217763887
11496714 9.27885554613
8705909 9.27320557906
10479411 9.27320557906
8155324 9.26533353551
8524217 9.26533353551
10974634 9.2589046288
11106803 9.25779569878
8840085 9.24594374487
8760302 9.24066594111
9699858 9.23864408483
10634308 9.23678943309
7553931 9.23412076742
11542495 9.22743681691
8717102 9.21884173224
11788726 9.16513996097
7553577 9.16511158274
10964504 9.1594903988
11823322 9.138480692
10639207 9.13340638421
9697851 9.13340638421
8861903 9.10747050969
11355893 9.10747050969
9122242 9.10747050969
12006651 9.10416452182
7620167 9.09677115961
11770079 9.08168151681
10914743 9.07408264264
12753723 9.07393757713
12464332 9.05950856582
10814522 9.05603816134
11721349 9.02906747966
9567617 9.01493091729
10200485 9.00761442086
10682669 8.99967236859
12860278 8.97996968624
7592737 8.97996968624
9730810 8.96005934091
11453542 8.95489671556
8787757 8.92996336751
9764822 8.92511291603
11007953 8.92438112191
12080467 8.91388931636
9708966 8.90558947158
10079962 8.90558947158
8673114 8.90516847906
11320149 8.87930275017
12614328 8.86959823415
12086678 8.86802442878
9363079 8.85543880721
10643802 8.85543880721
9285522 8.84925052463
12584179 8.84744439707
9861196 8.83395804299
11078762 8.81805754353
12773393 8.80735070789
8929274 8.78323111673
7972023 8.7592432714
8187757 8.7592432714
10434298 8.75681310781
11816786 8.73249898744
9414291 8.73087123023
8840989 8.72614872851
9774969 8.72118271023
9070651 8.70421917861
12354784 8.69457886437
11994102 8.68847616186
10884409 8.68805950378
12500660 8.67699605699
11884603 8.67137974508
8678056 8.66864640322
10098845 8.66458799301
10329542 8.641242961
9516851 8.641242961
11314010 8.63730581704
10196373 8.61802338819
8917731 8.61737135405
9769945 8.61737135405
11238178 8.61682918783
10022283 8.61292596694
8672868 8.60368268059
8886984 8.59292754198
11937029 8.57195659635
10395541 8.57195659635
11220690 8.57084001822
10762542 8.55607434359
11700265 8.54412889624
12475170 8.54274115287
12049663 8.54274115287
9586906 8.53964741758
10587643 8.5263796769
12154123 8.50377248395
7472820 8.50377248395
10191898 8.47369093405
11877682 8.46290830958
12591733 8.45891585076
12773392 8.45867688935
9844824 8.45240707472
12806589 8.45092158425
10098012 8.44439612457
12161425 8.43666452838
10958934 8.43389009051
11375889 8.42332661885
7525450 8.4188930915
8525920 8.41452996382
8663915 8.39707513235
11751423 8.39176835388
9751619 8.38238338436
9351639 8.37814489244
8674430 8.37060745147
10704083 8.36105482677
11391054 8.36105482677
12569124 8.34881769909
7890411 8.34881769909
10980602 8.33837730146
7545236 8.33500174942
8846502 8.31683438694
10914829 8.31683438694
9137418 8.30519758611
8747457 8.29489911115
7863493 8.29489911115
9388195 8.29412770657
11555607 8.26148832892
11895854 8.2451607022
10820158 8.22978207344
12170774 8.22324183148
10410876 8.19834367246
12086707 8.18693574131
10692111 8.17968689886
11836210 8.16903244978
12527906 8.15769800035
10225999 8.15769800035
8674416 8.13700124115
12582126 8.12349626939
12690212 8.11615598489
10456225 8.09592118857
11125034 8.04777518719
10200513 8.04671078722
8662788 8.0350729944
8690195 8.02961423844
12166565 8.01992077728
8989473 7.9995218165
11423347 7.99537082737
8595822 7.99501314197
8615613 7.98344717263
11702062 7.97922636345
7614713 7.97464741705
9649955 7.93894284514
10854108 7.93894284514
8809825 7.93566676644
12443883 7.93566676644
9950192 7.91895323192
11558993 7.9160799463
10920928 7.89906403033
9092029 7.87927448566
12570745 7.84515084513
11844476 7.83869009737
10831279 7.8156959806
10777512 7.7990963055
11855756 7.79503164639
11028915 7.79019841941
12462448 7.77452785224
7624152 7.77099242188
10809757 7.76279876882
11017081 7.72540151385
11309347 7.72000888887
9928440 7.71121414403
12172011 7.70414700205
12899826 7.68836285363
10403317 7.66997638861
8962603 7.66795837947
10669725 7.63346602646
10666456 7.63283949939
8758936 7.6231715037
12388757 7.59730160834
14504203 7.57934759541
8205001 7.57934759541
9393453 7.56147824059
11319801 7.54878511111
8296188 7.54369294651
12169209 7.53928698735
14517299 7.52143504746
12377570 7.51330240781
12478472 7.5090334108
10646901 7.50336133942
10918613 7.49083553872
8643488 7.48189733321
12082025 7.47844691901
10686529 7.44999140197
9690867 7.43871370312
11032626 7.43238551387
9662340 7.42838977664
10842191 7.42150057067
8570209 7.42150057067
12454025 7.42042465197
11937757 7.40436691646
8837615 7.40217604874
10200523 7.38819724015
11559546 7.37906778179
12844488 7.37398949754
9792140 7.35412204264
10586342 7.35343735642
7657708 7.34143388462
11238917 7.34038512948
12879965 7.32847322255
9835860 7.31198861289
10987655 7.30685322193
12511746 7.29344491415
10200449 7.28712573985
7486897 7.27292521518
11891335 7.27165408047
11304497 7.26730299242
9797706 7.2672237227
8649799 7.26659783372
10982831 7.25365157127
10464290 7.24550478107
9205051 7.22982672371
9576483 7.22098874992
9673847 7.19902318831
11790986 7.19507443391
11167013 7.19436060708
10515453 7.19227197738
8165691 7.16433563261
10519379 7.16234485045
9061613 7.15653770475
9435434 7.15084737171
10861683 7.1291283263
11779888 7.12529223054
14521420 7.11837094528
10414339 7.11300467254
11193045 7.11297183901
8142647 7.09322699904
9002938 7.07757396189
11776383 7.06993254343
10879732 7.06214027225
11479214 7.06198985756
8798462 7.03525963384
10735851 7.03424788191
12509255 7.01564661787
10200459 7.01032975605
10190792 6.99895227911
11313974 6.99222068068
11081199 6.98461154097
10769197 6.98429389447
10623880 6.96997519983
11940651 6.96733750934
11197304 6.95569070169
10738542 6.95569070169
8708297 6.95569070169
8620461 6.95546842732
11384880 6.95372558054
9823311 6.95185588429
12669312 6.92860520644
10767629 6.92197765076
10924862 6.91908641702
10828889 6.9121587572
9030518 6.90984210072
9746799 6.90984210072
9769944 6.90350362638
10845664 6.90223942331
9056422 6.89498712577
9020379 6.89225698287
10197763 6.89136072509
10745269 6.88598311796
10343631 6.87667880436
8819070 6.8654679694
9135153 6.86339775324
9329686 6.84964806985
8063749 6.84425774195
9738462 6.82903453262
12915551 6.82166013152
10029073 6.81678091059
11894120 6.81606078421
8770460 6.81028702304
12518324 6.80691313892
10694747 6.80626985871
9788722 6.79458334986
12213815 6.78914032913
12351394 6.77586160103
10821533 6.77117418717
9664139 6.72949831496
7912770 6.72858944789
9001225 6.72843703107
10962580 6.72062532869
10529736 6.71988663733
10391250 6.71881303529
11738471 6.70364789004
10950308 6.6983384248
11526513 6.69051115989
9436858 6.66452052274
8524262 6.6601945451
11313989 6.6601945451
11423969 6.65672340703
14507340 6.65407528178
12481430 6.63770292049
9530912 6.63651249529
9689669 6.63585252434
11423996 6.62497914161
11751908 6.6244019032
12619107 6.61606842498
10822369 6.60271974031
8569178 6.60181944984
8687116 6.57217199935
12042135 6.57161521773
10754563 6.56077816986
14576837 6.5556046175
8084582 6.54579853252
12426125 6.54306034588
9533415 6.51803434005
10024340 6.51184481547
9067734 6.48670187929
10547195 6.48620317715
10403534 6.47023671009
11469677 6.46923213933
8616862 6.4540569819
12750264 6.44997869295
10323450 6.4246484911
10709351 6.42421287503
9195937 6.39969060234
10193519 6.38233031271
11524161 6.37871041154
8956779 6.37840506025
11263856 6.36208712885
10674396 6.35816977796
9688142 6.34574826613
10537354 6.34381199945
10726978 6.33047098508
10377173 6.31974354692
12752264 6.31416276457
10672270 6.3101903673
11956092 6.29078361795
11157409 6.28814919553
10952207 6.28674056499
11709054 6.28453906564
7623844 6.28251847996
10428867 6.28164398858
7600565 6.27887250957
11851058 6.26800736878
11289118 6.26201539168
14627980 6.23562157874
10496010 6.22748089535
9837815 6.22586761666
10761704 6.21761325649
11020858 6.21029487869
7806591 6.19854052849
11382363 6.1979832557
11739968 6.19774432819
8726460 6.19274767815
10981039 6.18386802663
10391249 6.17172973286
8866133 6.16641406682
12518540 6.14293604947
12604598 6.11169723888
9777351 6.10321134229
10027687 6.09947533298
11914036 6.09138079419
12632085 6.09079635771
12568328 6.08254410177
10563791 6.08144353256
8833149 6.07349540047
10435590 6.03534052803
9891483 6.03493578471
10655323 6.02715364379
11477657 6.02557615494
11973614 6.01707021134
12640688 6.01557957646
10339655 6.01485261824
12885947 6.00968832177
9619829 6.00968832177
9547236 5.99485582564
8842352 5.98814123981
8554056 5.97852789341
12099720 5.9657211701
7624149 5.95535534788
12649263 5.93796186072
10197285 5.92676110262
12124995 5.91934060299
11470423 5.91669881027
11032320 5.91665203033
10762164 5.88914387577
9740599 5.86275772906
10214920 5.86117648533
11121865 5.85915662264
8142623 5.85510879858
10594535 5.85501124945
7927902 5.85378992842
8589035 5.83627165706
8152272 5.83034411425
8950204 5.8262996718
7654567 5.81416265564
11992250 5.80909954424
9551616 5.79456994721
12669453 5.77562559002
11139518 5.75503970439
10947802 5.7497433238
14506700 5.7442180929
11338350 5.74373970124
12477452 5.73807717885
10928083 5.73391921122
8150283 5.72269650435
9030704 5.71670755215
8734295 5.7157463854
11531142 5.71415723375
10689362 5.69699418016
12886234 5.69698316644
9731892 5.68320179101
12928055 5.68110219715
7675546 5.67446051604
10436099 5.65189950607
7576959 5.63819901668
7475267 5.59687914014
11536007 5.5826484749
10582585 5.57833445367
11591888 5.57735380359
9881706 5.57644548408
10448117 5.57472748206
10022231 5.57033743164
9463348 5.5548980292
9443402 5.51620837617
8959327 5.50938494735
9433483 5.50812720587
10224887 5.50812720587
12452016 5.50605468432
11070098 5.49843445821
14612396 5.4863105693
11331321 5.48246225052
10526221 5.47403549303
11400347 5.47238551748
7645973 5.46719771169
11731429 5.46503492899
9833778 5.46488433956
8913837 5.45913041421
7923197 5.44717922763
7506859 5.4446690586
11342217 5.44197438158
10891480 5.4398690847
11032029 5.43847545852
11279064 5.4353649656
8702992 5.43446817718
10327057 5.43001964444
11752901 5.42984350793
7810590 5.42622100834
12460542 5.41195156298
11501342 5.41190755896
10628333 5.41185689675
12065427 5.39994921094
9521254 5.39117895817
9600342 5.38580620389
11074605 5.38503854265
10698517 5.38099237382
11747320 5.36168198848
11483158 5.35931274092
10660095 5.35352221476
7600571 5.33525720209
10923031 5.33129652908
10632361 5.32660119476
12359984 5.32621394981
12934108 5.31930146734
9681825 5.31711428923
10769676 5.31143834931
8137820 5.3100241489
7513186 5.30941104993
11007451 5.30838797955
10766173 5.3078501171
10226602 5.30736588564
11494153 5.30719222898
11156366 5.30680550443
10753184 5.30527876018
12667443 5.29871456398
9787107 5.29790611241
9607594 5.29570919043
12397361 5.29397298695
11313999 5.29329601057
11035191 5.29026394008
12664848 5.28990868627
11857452 5.28815119232
8788030 5.28669480067
14597423 5.28574979763
10732786 5.28464514983
9649502 5.28300715242
11668476 5.28027941204
10319275 5.27991575461
12397641 5.2778788909
9920946 5.27376379015
11707411 5.27309614575
11844595 5.27103017209
11905724 5.26961472746
10618711 5.26946749904
11191278 5.26867863232
12673118 5.26832212756
10889512 5.26507302741
10574967 5.2643752829
9163609 5.25944050939
12062426 5.2567292844
12203124 5.2567292844
9209380 5.25395391035
11494111 5.2482853565
10472642 5.2418743437
10821866 5.24171133257
11313463 5.24011846971
9825836 5.24009613
10778859 5.2362922309
12149653 5.23323258578
9314411 5.22839392454
8137308 5.22812986046
11095245 5.22635810555
9445111 5.22603621988
7551342 5.22573598807
12064478 5.22087656985
10477291 5.2195443872
11139339 5.21943395074
11578149 5.21919691937
10602522 5.21329208856
11163756 5.21267220907
11774736 5.21266982057
10620568 5.21232739642
11681408 5.21154371391
8836183 5.21081041703
9575138 5.21081041703
10378792 5.20994314926
14586398 5.20833110706
10786798 5.20585583971
11384107 5.20090731288
9664074 5.19957591327
8170954 5.19736040617
7512555 5.19695182225
8199988 5.19499443498
11451151 5.19119926282
10618704 5.19091945019
11795482 5.1880409563
10845425 5.18776325227
10802655 5.18720103484
10435642 5.18550959822
12569386 5.18461355732
10065429 5.18461355732
8012980 5.18461355732
11154856 5.18001952961
9889415 5.17876236944
10065147 5.17741592985
10672901 5.17539508552
11054421 5.17472365204
9121469 5.17386685658
12135371 5.17352713346
11756653 5.17315307707
8183575 5.16898059049
11602342 5.16700098037
10200458 5.16398248262
12823209 5.15862860214
10911910 5.15306207398
10990460 5.15195275021
11296482 5.14710612239
10362118 5.14375610296
9439669 5.14359100368
10065149 5.14054957526
10512520 5.14012552868
10506121 5.13939232728
7657168 5.137323637
11753569 5.1355882698
10205208 5.13266924205
10400708 5.13202486386
10397274 5.13201629792
10467417 5.1312906876
10340750 5.13092097837
10978315 5.13092097837
10557106 5.13037326261
11676832 5.13022022526
12890671 5.12835248573
10199827 5.12431570393
9190890 5.12248616503
8665514 5.11882562934
12370809 5.11772741419
10484066 5.11488713737
10918596 5.11389541523
7731676 5.11334462464
11834713 5.10896933546
11399766 5.10896933546
9488246 5.10831502586
8756675 5.10787891256
11023999 5.10663328478
9443089 5.10321252471
11524917 5.09705254135
10081609 5.09625295576
9584145 5.09625295576
14599768 5.093367284
10741379 5.09170261444
9824350 5.09108090695
10454440 5.09076665069
11932750 5.08426997197
10768862 5.08179472199
12500542 5.08056178218
12037686 5.07963217755
12242659 5.07801412115
9155043 5.07664390639
7767977 5.07603437279
10629550 5.0744516852
12469184 5.07207950349
9008206 5.07186539953
10521394 5.07154427747
10656680 5.07028706782
11013253 5.06946959659
12771027 5.06741829309
9406811 5.066700729
11439340 5.06578295672
9493957 5.06412233611
9635829 5.0634768332
10426396 5.06241012142
9422058 5.06241012142
11870542 5.06169047155
12793760 5.06169047155
11641774 5.05883141375
10449408 5.05865392336
8887548 5.05812152688
10383130 5.05769569038
11528480 5.05223328769
9242288 5.04953087518
12419336 5.04902907796
9380404 5.04742740811
9230885 5.04468280844
7532150 5.04378681103
8742032 5.04103956455
11498783 5.04045333679
11699408 5.03701826449
9769943 5.03648175423
12167638 5.03635915179
10063313 5.03306880151
8301315 5.03254177653
8183579 5.03212023601
10227293 5.02558100345
8567053 5.02396342872
11313928 5.02322206356
12374693 5.0157918561
8622881 5.01404915805
12007564 5.01352181231
11559530 5.01142212336
7535742 5.01141713577
11053251 5.00774118071
11509287 5.00764682275
11751853 5.00680213713
11571580 5.00511646825
11827957 5.00032849837
9049187 4.99952819958
10960459 4.99952819958
11056682 4.99907851434
8134344 4.99883520361
10656795 4.99883520361
11712682 4.99883520361
10572598 4.99883520361
10203277 4.99830891797
8697991 4.99830891797
10973264 4.9967416993
10858958 4.9967416993
9095000 4.99395308637
10023000 4.99173319734
9785576 4.98832410697
9863603 4.98742419943
8710868 4.98578770122
8069300 4.98336967169
9389577 4.98283939116
10873390 4.98215067
8631304 4.97888461376
11593387 4.97888461376
10618710 4.9779969245
12734434 4.97733758297
8521383 4.97643788036
8834176 4.97307945612
11746989 4.97307945612
9824205 4.96874240182
10404639 4.96712306119
12050146 4.96626128759
10922372 4.96402586567
10518568 4.96278940515
11790556 4.96248818655
11447765 4.96145097393
9705090 4.95712113644
11744990 4.95692262264
7566960 4.95475741052
11448132 4.95057724496
10479688 4.94706144013
12919963 4.94461486979
11896572 4.94245317553
8784123 4.94206920998
11703379 4.94004479036
9875290 4.93683725887
10360645 4.93304801648
12452772 4.93171285899
12667439 4.93073440818
12136427 4.92979778438
10029406 4.92955705664
12444958 4.92462175606
10637432 4.92259419875
10037186 4.91911375957
10660538 4.91651161612
8552621 4.90892949375
10200333 4.9031905926
11739724 4.8983635688
10600527 4.89835700702
12694389 4.8963526541
7696367 4.89354603973
9639719 4.89234068311
9102205 4.89148007758
9487800 4.89148007758
10933063 4.8908348221
10101801 4.89034942518
10920922 4.88833528138
10940651 4.88462010009
7970701 4.8843364328
12466498 4.88200992844
12566713 4.88083280142
12719722 4.88034412131
10334192 4.87777933699
9620659 4.87619740876
12479364 4.8684062494
7812458 4.8671852554
10728678 4.86543697051
10637429 4.86483869511
7576102 4.86443992658
10199214 4.8616194827
10549828 4.8553442821
11470228 4.85357182771
11034215 4.85357182771
10837032 4.84657920309
9502788 4.84470486087
11169843 4.84429738275
9003062 4.84391564227
11555596 4.84386093142
11949842 4.84077704782
11013229 4.83685559851
11844800 4.83685559851
7548837 4.83588222443
12217864 4.83440492137
9102181 4.83324982837
12482961 4.83115376002
10953306 4.8300143097
10734238 4.8300143097
12163168 4.8300143097
7553620 4.82512927873
9765154 4.82416061809
9625811 4.80958234623
10544026 4.80842273523
11684454 4.80378041134
11253117 4.80335880441
10894779 4.80088705372
12566294 4.79603384804
11331968 4.7905618513
11027272 4.7905618513
12692111 4.78985874653
10935482 4.78530041018
8290249 4.78189554127
10805749 4.77878711716
8274734 4.77496541957
11129738 4.77153344914
12628593 4.76960759634
7631331 4.76764267175
11281652 4.76734033288
8128960 4.76640696782
10677503 4.76353691455
10861120 4.76239939815
8559364 4.75663419975
11596035 4.75417147628
12086844 4.75218614522
9862568 4.75182881095
10461032 4.74958497021
9823903 4.74876370316
10779360 4.74811236826
8137126 4.74715039969
10973592 4.74522019436
12093899 4.74461049307
11279533 4.74084324201
9563008 4.73708196866
10354067 4.7295772982
12370429 4.72849057894
10915085 4.72746611991
11741981 4.72108091336
11948130 4.7189525919
12853970 4.7183647713
9196297 4.7183647713
12624958 4.71301581578
11932899 4.71165818413
9676019 4.7111790223
10327065 4.70005753934
7742387 4.69718598588
11936974 4.68918044768
12010891 4.68815377941
10741712 4.6878083059
12598906 4.68229403385
9563780 4.68110686824
10086392 4.67679271944
10697590 4.67404130594
14576322 4.67353172035
7834748 4.67019012486
11313720 4.66734542298
10354018 4.66418527625
12670449 4.66179370248
11779719 4.66128120145
9365531 4.66036606693
11103825 4.65607575333
10362261 4.65491612903
8258302 4.65457896869
11684448 4.65416654222
10797267 4.65273576943
9703886 4.64985974625
10964005 4.64370042134
12907815 4.63855678848
8608941 4.63809872415
10767626 4.63734947049
10022301 4.63324324958
7575496 4.63235009339
12182322 4.6294679309
10037474 4.62842822867
9600271 4.62813571272
11710784 4.62464410644
10640274 4.62248231435
11426648 4.61954124596
8761184 4.61954124596
11848468 4.61805435274
8800726 4.61771901536
10741285 4.61658180059
10692252 4.60376720827
10467413 4.5985256033
12472184 4.59619117843
7585533 4.59308389039
9485488 4.58257553167
12122980 4.5810732899
11830549 4.57125763224
10508992 4.57100216282
8109990 4.56941881511
10594026 4.56941881511
11069295 4.5657467513
7524601 4.56559638066
11606402 4.56203124097
11263374 4.55633742896
8993489 4.55631407205
8859190 4.5498247829
10543442 4.54625885608
11306475 4.53450223902
8275084 4.53385925318
12952892 4.53299346286
11138606 4.53289353661
10325505 4.5310816668
10870973 4.52869049914
10213152 4.52323933201
8668206 4.52269264223
7606818 4.52269264223
8741682 4.51329648633
10716435 4.50732889193
11837328 4.50732889193
12414619 4.50704044632
12809979 4.50639727182
12135983 4.49969128487
10070969 4.49561741417
9379491 4.49326496051
8600029 4.48700553206
10548481 4.48616786187
7613025 4.48346467991
9155265 4.47942835613
9690809 4.4782650543
10368140 4.47298801526
11733180 4.47272548219
11554305 4.46521641178
9223306 4.46412607348
10189888 4.46185761736
10441517 4.4593634195
8924224 4.45137630681
12727840 4.45108891682
9222173 4.45108891682
12878853 4.44870333857
12769332 4.44732437071
12205043 4.44342585349
8832771 4.44149228635
10718547 4.44111029544
7549829 4.44049251839
8146270 4.43818342071
10051610 4.43818342071
11850803 4.43699002008
9754449 4.43453362286
11821415 4.43155328137
11604983 4.43155328137
7669582 4.43075077228
10711445 4.42465486049
8134731 4.41718849406
11323179 4.41239807926
7493955 4.40634720637
11059760 4.40634720637
8628669 4.40119924521
10918445 4.40020901571
7669577 4.39777332946
8927696 4.3963132116
10733530 4.39291993276
7510345 4.39243221428
12051871 4.39210712879
9655396 4.39185711218
9083931 4.39084788489
9566701 4.38083809946
10438581 4.37842380524
9307185 4.37312955854
10782880 4.36928936776
12798048 4.36603229149
9893279 4.36573954865
11208871 4.36167600748
8791127 4.36167600748
8889719 4.35549502273
9408609 4.35447503224
9507882 4.35367639134
8820402 4.35165730516
9703910 4.34892948313
12195423 4.34892948313
10965130 4.34260345763
9600110 4.34023111056
7982204 4.33880894608
11713281 4.33078682044
8616864 4.33000645813
10843800 4.32507775379
7973719 4.32377366917
9619639 4.31713417324
9857023 4.31713417324
9108419 4.31248531202
8680047 4.30806903027
10092678 4.30508030421
11937734 4.30503044231
11575795 4.29771392351
14573822 4.29771392351
8132740 4.28879121158
9334285 4.28864616763
11457731 4.28652438765
11406125 4.28648670097
10953350 4.28417525416
10102040 4.28417525416
8940032 4.2841289913
12065845 4.28348039298
12172574 4.27910634693
11034214 4.2620087978
12870281 4.2575305056
8566379 4.24991142884
11768779 4.24991142884
11793474 4.2498743832
10912518 4.24580672576
8799152 4.24580672576
11801359 4.24307447505
10592317 4.24101483974
10658639 4.24099080489
7545671 4.23716247177
9163673 4.23539662325
8895979 4.23183849672
9816182 4.22846673247
8631004 4.21759374335
12880969 4.20943508798
8971556 4.20794269489
12876075 4.20752211219
10462539 4.20645135963
11751405 4.20319588161
11559569 4.19832210173
11593402 4.19832210173
10777666 4.19442991322
8152809 4.19022420393
12791946 4.18777564421
10956404 4.18507989313
9021014 4.17151913366
8682647 4.16551394143
8068041 4.16383103942
10692421 4.15429078156
11526448 4.15065409499
11170285 4.14885728054
8891148 4.14802916848
11305015 4.14802916848
10211543 4.14591494831
12931104 4.13795285504
11967210 4.13293601325
11262195 4.132024921
10627600 4.132024921
12773695 4.12644031889
12469138 4.12437143249
12032848 4.12081767817
9637247 4.11914257102
9393755 4.11573988258
11709051 4.11513744526
10912758 4.10724266407
8578436 4.08026157707
9576258 4.0778935851
11323547 4.07739067832
10190872 4.07025317645
10332831 4.06539905329
11940647 4.06533042561
11561726 4.06471139318
11804596 4.06333677062
12446845 4.06061972033
14576474 4.05325752435
12378511 4.05298085328
7856753 4.05163806146
10965887 4.05163806146
10518303 4.04832405882
11222793 4.04529816111
10074927 4.04479158877
10553699 4.0424594754
10399167 4.0406382877
14580789 4.03914367529
8545888 4.03733762962
7813820 4.03641993788
9759553 4.03467248175
8558918 4.03127158466
9716607 4.01621845146
12121744 4.01370688925
12951416 4.00608477215
11585755 4.00328582872
12779008 3.99448028249
9499436 3.99002219967
10608483 3.98453683765
9157970 3.98260521048
9849449 3.97605725701
11844794 3.97275771321
9513729 3.97138242371
11714696 3.96573394879
12700605 3.96573394879
7478115 3.96213716259
10736632 3.95508095023
8092826 3.94787959091
9833692 3.94649905769
12504843 3.94211999041
10082560 3.93887326924
11495702 3.93609253352
11106570 3.93609253352
12073775 3.93182654562
10369524 3.92924370031
12520739 3.92601814558
11673408 3.92182580151
11934740 3.92182580151
9106644 3.91677374811
9671594 3.91351457429
9218179 3.91187580284
12388104 3.91160347183
10698490 3.9051996681
12057904 3.90197616436
12623640 3.89500952783
11815397 3.88182748973
12697689 3.87982364088
10481784 3.85975903803
12031969 3.85678839737
11520787 3.85678839737
9463487 3.8537184546
10578177 3.8537184546
11920662 3.85322016018
9114751 3.84980435934
10472548 3.84141228626
8656283 3.84141228626
10217265 3.82454705339
7593131 3.82454705339
11828019 3.81707593591
11212879 3.81536373262
10197642 3.81536373262
8707116 3.81399020974
10099220 3.80566755216
12351735 3.80566755216
11084372 3.80496087731
12449589 3.79296365173
11595834 3.79234950917
11713309 3.78697352894
11309512 3.77914950278
14501775 3.77213144726
12027448 3.77079430649
11748228 3.75013108977
8833451 3.74572188308
10962436 3.74359837476
8302586 3.74225943918
12462561 3.74103221762
10441325 3.73197739144
8820351 3.73197739144
9171244 3.73197739144
12576458 3.72956805916
9519879 3.72597880967
12473860 3.72296629218
11713576 3.71495386824
8616853 3.71390245639
10921317 3.71105568595
12565999 3.71105568595
11865437 3.71105568595
10739703 3.70583782243
11328882 3.69619221126
8907265 3.68829918125
8204362 3.68735289006
9737690 3.67916031462
11948106 3.67855574588
8947516 3.67702526759
10900464 3.66980047757
14521217 3.66976829008
9862435 3.66582006517
10849552 3.66545988008
11355958 3.66301235242
10338104 3.65744385524
8945508 3.65468294773
8591053 3.65468294773
10195418 3.6531321498
11445003 3.64643910079
10220428 3.64541968432
10773824 3.63977053213
11555678 3.62539857091
12736760 3.62539857091
7913661 3.62167395593
8892860 3.61893343521
10618414 3.61815376527
9197546 3.61815376527
9519634 3.61813175244
10098457 3.61706462887
10714765 3.61333839435
12957508 3.60966141894
10764007 3.60966141894
10831353 3.60966141894
11830496 3.60960331107
11913974 3.60302195874
10667598 3.60109317461
10631718 3.58448671553
12416026 3.58448671553
7504834 3.57857846489
9698324 3.57617299999
9796700 3.57580184008
11000213 3.56799432546
14572633 3.56796436914
9752316 3.5574130502
10601870 3.55146164449
9012418 3.54330024291
9589251 3.54330024291
10567879 3.5364965281
9931350 3.53517626578
12006549 3.53388335251
10536021 3.52613023384
11939257 3.52613023384
12822869 3.52377420465
7789954 3.515824534
8208247 3.49400442427
12919962 3.49400442427
9815734 3.48720409681
11439361 3.48673447097
12533044 3.48526573431
12746474 3.47809196895
10779083 3.47519717587
8307183 3.47519717587
10915769 3.47519717587
7756274 3.44821072116
11884500 3.44779110824
8841969 3.44533754529
9387964 3.43893779415
10205272 3.43549803624
10519396 3.42358640976
11033083 3.42326248891
11130177 3.41598666397
7887445 3.41586559255
12715012 3.41007973813
10710230 3.40631385135
11763353 3.40631385135
11385207 3.40255451656
9757594 3.40255451656
9179263 3.39745462001
12553028 3.39745462001
11578774 3.3966956637
11245461 3.3966956637
12800145 3.39310091547
8613426 3.39166491734
11060054 3.38713163963
8167331 3.37809228823
12390529 3.37762132289
10323090 3.36542116211
12467222 3.36158214768
12011937 3.35876001191
9701793 3.35733689608
11323508 3.35640281319
10521590 3.34940813047
10597302 3.34043215625
14515458 3.3401081818
9232338 3.33629298808
8940294 3.33085973451
9529134 3.3265917526
10353295 3.32166236196
9309147 3.32166236196
12368154 3.31936244221
11156651 3.31477561559
10779341 3.31251564224
12105987 3.30341915805
10642753 3.30341915805
10468606 3.29437249667
9700658 3.29437249667
12655107 3.29036494582
11943468 3.28537524989
10547394 3.27448194968
9798912 3.27256292285
11694296 3.26752738944
10919668 3.26752738944
11988841 3.25867598134
12117768 3.25867598134
12503104 3.25867598134
9880587 3.25307345558
9053837 3.24987239887
11992617 3.24111625545
9523197 3.23416082132
12615627 3.23240716866
9933075 3.23141184323
11061995 3.22374476019
10393724 3.22148049799
8939914 3.21122197154
11375329 3.21122197154
8194899 3.20655848512
12600212 3.20655848512
14613034 3.19803388189
9163689 3.19790163833
7564468 3.18955448362
10811852 3.1811199317
10551855 3.1811199317
10919642 3.18029890978
10850428 3.17812705791
9172002 3.17468633378
10976390 3.17272987128
12121286 3.1650793113
9531249 3.1650793113
9706718 3.16438395125
9057170 3.16438395125
9833777 3.16010043969
10095152 3.15608182419
12202528 3.15046813298
9816097 3.14987113521
11350874 3.14762140886
11329531 3.1457073393
9517572 3.13960757744
8636741 3.13292389681
11809704 3.1314347809
11493036 3.1314347809
10712890 3.12657105833
12907606 3.11521617563
8035171 3.0991647064
11779501 3.09861645651
12454109 3.09138231521
9927046 3.09120084251
10098454 3.09120084251
11723155 3.08898857093
7593191 3.08327780289
9806548 3.08327780289
12804089 3.07576973996
9713503 3.07539527443
12472180 3.07539527443
10725236 3.07053411912
9792797 3.06993914083
8123942 3.06755294723
12786820 3.06755294723
11530803 3.05975051451
11406273 3.05975051451
10872665 3.05813193363
8695834 3.05389489207
12568327 3.05349527426
9362454 3.05198767264
11157805 3.05198767264
9310498 3.0478011593
10618443 3.04426412104
10097174 3.04426412104
11117532 3.0369170254
10783313 3.03657956217
12187331 3.03657956217
12865926 3.03657956217
7585508 3.03251835964
7815562 3.02987318779
8950979 3.02753249742
12776186 3.02132624741
9450681 3.01375691129
7959251 3.01375691129
10214919 3.01241281222
12351379 3.00622540733
12483114 3.00622540733
12396616 3.00622540733
10677801 3.00622540733
7753798 3.00605487151
11676549 3.0047138881
12635903 2.99571439562
8735485 2.99304857097
11398198 2.99127476705
12814828 2.99127476705
10704947 2.99127476705
9583680 2.98923541872
12349868 2.98487982802
12389351 2.98385507328
8643678 2.98385507328
11971895 2.98385507328
11778901 2.98336232201
10377174 2.97647209673
9389754 2.97647209673
10686149 2.97647209673
12145848 2.97380261338
12637330 2.96912556552
11552366 2.96231722937
11473024 2.96231722937
12644980 2.96181521044
11063725 2.96181521044
11973289 2.96175410741
10863531 2.96034849045
7763003 2.95454076495
12231471 2.95338740994
12384529 2.94936771623
7517633 2.94730196511
11934439 2.94727922572
14579528 2.94174502198
12669979 2.94009854955
12382154 2.94008776895
9533613 2.93568831524
8672456 2.91937749085
12100480 2.918698033
9099814 2.918698033
10214911 2.918698033
7497645 2.91696113898
9382734 2.91223322528
12438271 2.91163359148
10567550 2.91163359148
8523088 2.91163359148
10632372 2.90460326505
7858487 2.90460326505
11846230 2.89930609358
8583578 2.89153386316
8130121 2.89064397375
11015571 2.88809189016
12657208 2.88649321936
12082027 2.88371452291
10662826 2.88371452291
10383145 2.88315633054
10688034 2.87581715915
10214980 2.86995481334
9556563 2.86654605777
10419986 2.86654605777
8614504 2.86512943642
11297559 2.86312408243
11997447 2.85831248584
9409665 2.85632578973
12601175 2.85012607698
10462033 2.84955970471
11566439 2.84924597655
12691981 2.84614224357
9973529 2.84614224357
10899434 2.84614224357
8744024 2.83943711003
10627482 2.83612324655
12606337 2.83612324655
11981761 2.83612324655
10537276 2.83389313673
9511264 2.83327863057
11029047 2.82562111549
12184807 2.82562111549
9504912 2.82562111549
10671694 2.81784405924
10612759 2.81620447791
10214699 2.81042959372
11818334 2.80988749561
8809275 2.80962691837
10527728 2.80439616714
10725660 2.80197573833
9647321 2.80140755093
12492117 2.79656354646
12728194 2.79410840998
12163174 2.79240669705
12632340 2.78362108877
12542972 2.78362108877
8811058 2.77850555147
11285283 2.77755722877
7907091 2.77719467934
10853862 2.77719467934
12795056 2.77079787425
12687273 2.77079787425
11966728 2.77076928737
9671752 2.76873269675
10822162 2.7657956652
11037299 2.76140773988
9705497 2.75809226252
10880354 2.75809226252
11595724 2.75178305329
9651545 2.75123896131
10873608 2.74781683719
12960194 2.74104658114
11785758 2.73969876809
12947384 2.73925083537
11933019 2.73925083537
7953896 2.73925083537
9763573 2.73925083537
9712919 2.73925083537
14581532 2.73925083537
10918303 2.73272530246
9614221 2.72683224883
7847793 2.72524152905
8881379 2.72256886523
12384912 2.72066508546
8915833 2.71972890681
7736799 2.71972890681
12731662 2.71779863345
7880618 2.71452575518
11196312 2.71126744081
8629105 2.71039628163
12832489 2.71039628163
11005256 2.71039628163
11997466 2.70841406999
9821173 2.70485967106
9042324 2.70303414323
10427507 2.69571189143
10540909 2.694490137
7513249 2.69309289675
7557402 2.68894374868
11489638 2.68894374868
10512189 2.68894374868
9737967 2.68617347126
8692753 2.68617347126
9810004 2.68424007892
12676926 2.68118575807
8607008 2.68118575807
10067756 2.67882884474
8923536 2.67653908031
12724336 2.67398124036
12601555 2.67152427256
10195934 2.67106627234
12808718 2.66698466649
11531255 2.66681533689
11886254 2.66064180234
9848102 2.66049380094
11430597 2.66049380094
7506096 2.65074928925
11101633 2.64984763205
10952575 2.64877752268
12481899 2.64554623226
10763415 2.64538133389
8074459 2.64295799563
12183419 2.64188693406
11572779 2.64003507557
9245721 2.64003507557
9544818 2.64003507557
10360788 2.63853172243
10683252 2.63559091293
11756597 2.63559091293
7587063 2.63471038301
9482249 2.63471038301
11289157 2.63155431134
11719257 2.62940712599
12384606 2.62851992707
10351951 2.62148678096
9655510 2.61886440287
10486922 2.61449117167
9707403 2.61449117167
10910042 2.6142397682
12454517 2.61231002864
9484817 2.61084175062
11013869 2.60840588515
11780924 2.60400982984
8910001 2.598030568
12427836 2.59721357061
12416391 2.59716441304
8174075 2.5928738
7909834 2.5928738
9309135 2.59171066666
7987275 2.58773746254
8605005 2.58773746254
9207294 2.58773746254
14503010 2.58687815607
12447687 2.58687815607
9500840 2.5861389334
9815683 2.5861389334
11996241 2.58372692568
12824346 2.58262143444
12567406 2.58262143444
11074002 2.58006579828
10919291 2.57328922597
10552587 2.57244982638
12821280 2.57037962238
9733758 2.56991427136
9852581 2.56739400883
12949720 2.56654815789
9678698 2.56654815789
12771040 2.55863579362
8571670 2.55782837929
10997781 2.55734175962
9705131 2.5571695123
8825412 2.5571695123
10626800 2.5571695123
9562467 2.55650251824
12401946 2.55234509591
11953063 2.5506152454
9292865 2.54653521059
10379580 2.54653521059
12676795 2.54323002367
12774917 2.54241011688
11768308 2.54241011688
8170995 2.54241011688
10329618 2.54241011688
12511523 2.54241011688
7533987 2.54241011688
8813351 2.54241011688
12932814 2.53747157489
12089242 2.53705091585
7947084 2.53664532231
10397362 2.53255218159
10382871 2.53171148038
10773083 2.53115249691
7721606 2.52642221879
14560963 2.52473075223
8889500 2.52277039729
11961134 2.52109975056
11027214 2.51064399207
11237529 2.5082385849
12712404 2.50462440137
9017530 2.50343177925
11821950 2.49936634992
10924769 2.49864336196
10690601 2.49864336196
11923210 2.4938732277
10840280 2.4938732277
8314332 2.4897916846
8305787 2.4897916846
9261152 2.48912127197
9450679 2.48912127197
12079279 2.48912127197
10549825 2.48912127197
7553647 2.48687430885
11169956 2.48202238365
12170781 2.48067499879
8898327 2.47967148199
11978967 2.47575042409
10488952 2.4609855331
12229996 2.4609855331
7721824 2.45635796653
12688533 2.45635796653
8799155 2.45635796653
11114745 2.45618378137
9067270 2.45404599838
9189657 2.45174777039
12527714 2.45174777039
8588586 2.45174777039
10913087 2.44923748403
7527370 2.44715484704
11897551 2.4441186296
8249168 2.44257909961
11804193 2.43930452002
9429141 2.43802043192
9559222 2.43802043192
12019224 2.43802043192
9770362 2.43436818948
11998221 2.43347874853
11562786 2.43347874853
12878863 2.43347874853
12707371 2.43347874853
10936643 2.43347874853
8718526 2.43217143017
10094411 2.42970230609
9737691 2.42970230609
10470502 2.42895395468
9180964 2.42895395468
10094934 2.42895395468
8713839 2.42671166382
9300650 2.41995466018
11684904 2.41995466018
9711445 2.41967834813
11454691 2.41482105246
9063739 2.41446803552
9276697 2.41446803552
11941477 2.41102180445
10403052 2.41102180445
11891115 2.40881248448
9156280 2.40862403657
9060832 2.40862403657
7544319 2.40658006163
11690545 2.40215465445
10447269 2.40215465445
9188618 2.40036547227
7535745 2.39996154788
12576474 2.39774549297
11171399 2.39774549297
12856536 2.39774549297
10597277 2.39702049899
10880481 2.39335248788
9667877 2.3911754169
12620398 2.38897555056
12154143 2.38461459301
9683632 2.38461459301
8875251 2.38461459301
7921445 2.38461459301
8255252 2.38245338237
9209467 2.38026952787
9862642 2.37594026844
9284102 2.3741456231
7889220 2.37379474546
9476377 2.37377713679
12649285 2.37162672862
10344735 2.37162672862
9667781 2.37162672862
11673590 2.3709049361
8875958 2.36849495925
11805048 2.36732882295
7795233 2.36732882295
7927332 2.36732882295
8573309 2.36519881744
8899423 2.36304646659
8262955 2.36304646659
9084934 2.35877957531
9339270 2.35877957531
11563859 2.35452806548
9394418 2.35170321214
11584016 2.3460708587
7794272 2.3460708587
12592397 2.3460708587
9562974 2.34536453566
10923036 2.3425606397
9250173 2.34186499748
7896455 2.34186499748
10810082 2.34186499748
10203660 2.34064036652
10602418 2.33767418919
8707306 2.33418903296
12468454 2.33349835316
12750381 2.33349835316
7539448 2.32933740929
9592822 2.32610153513
10733526 2.32519127806
9337534 2.32519127806
11503956 2.32423988691
7531086 2.32313639136
10395579 2.32313639136
11124426 2.32105988051
11156382 2.31882401489
9786865 2.31694313825
10687143 2.313433324
9374552 2.30875330878
11137288 2.30875330878
8895455 2.30672736082
10411502 2.30672736082
7697197 2.30468006752
10483920 2.30468006752
7538831 2.29860946617
11297520 2.297410594
8161573 2.29657655095
11079455 2.29657655095
11776392 2.29657655095
7767490 2.29657655095
9363081 2.29254612482
11230169 2.29254612482
7750684 2.29254612482
12524173 2.29066653215
11238381 2.29054850856
10457842 2.28852982047
9591694 2.28852982047
10496350 2.28685151025
8279145 2.28254389107
10767621 2.27765516159
12457284 2.27656489981
10845565 2.27656489981
10960044 2.27656489981
10352016 2.27260434684
8875468 2.27260434684
9855633 2.27119362756
10468510 2.26865755034
11285089 2.26865755034
9740716 2.26670133017
10838143 2.26472443874
11724978 2.26472443874
9484773 2.26080494101
11221853 2.26080494101
12408979 2.26080494101
11590891 2.25689898658
9547235 2.25689898658
10203025 2.25300650537
11687902 2.25300650537
10665501 2.25107717182
7519028 2.25107717182
7494864 2.25107717182
12867423 2.25064696996
7597292 2.2491274278
10233972 2.2491274278
10330179 2.24556826138
14647471 2.24556826138
8034988 2.24334558711
11891645 2.24140920758
8786409 2.23756992812
7819128 2.23756992812
10976645 2.23566693066
8988489 2.23374377866
9680315 2.23374377866
10545697 2.22804066082
9990558 2.22804066082
8113175 2.22613060129
8994824 2.22613060129
7579137 2.22613060129
10411901 2.22234344025
11713441 2.22234344025
10958640 2.22234344025
9716885 2.22046624331
9218645 2.22046624331
9286760 2.22045083593
9681650 2.218569143
10818507 2.2148076441
10812335 2.21475428046
10531035 2.20732278184
12761058 2.20732278184
12894510 2.20732278184
7724603 2.20732278184
11590109 2.20547086425
12935535 2.20396424292
7515902 2.19988833884
11568920 2.19988833884
12444097 2.19988833884
8288244 2.19804886986
7764271 2.19804886986
8733303 2.19804886986
11875262 2.19710766068
9383031 2.19618986563
10762014 2.19618986563
8896572 2.19618986563
9396780 2.19455232347
8168512 2.19250380736
9527929 2.19250380736
10217402 2.19067666189
11455540 2.18883010162
10594348 2.18883010162
10448055 2.18883010162
12941820 2.18636444315
8886977 2.18516868644
9707024 2.18516868644
10777588 2.18335374105
8929997 2.18335374105
7569807 2.18335374105
9269893 2.18151950023
10851082 2.18151950023
9753291 2.18151950023
10854768 2.17788248183
8864922 2.17607961474
9188732 2.17607961474
9302262 2.17607961474
11001585 2.17607961474
7488746 2.17607961474
14499622 2.17425757048
10483785 2.17425757048
9713996 2.1707911881
7521937 2.17064470584
11925460 2.17064470584
8595855 2.16885379688
11216394 2.16885379688
7597299 2.16345487723
11126202 2.16345487723
8163293 2.16167580782
10948187 2.15631252113
12437346 2.15631252113
8720497 2.15631252113
9353226 2.15454517425
8681040 2.15454517425
8937828 2.15454517425
10581036 2.15275899858
10382873 2.15275899858
9221969 2.14921716891
12535745 2.14921716891
10472732 2.14921716891
11309329 2.14859959989
7569574 2.14746142908
9803526 2.14746142908
8078471 2.14746142908
12205106 2.1456869745
10502323 2.1456869745
12096341 2.14397052768
8935925 2.14216835811
14551896 2.14042411135
11514192 2.14042411135
9450876 2.14042411135
8254170 2.13516563227
10955124 2.13343276612
10506758 2.13343276612
12392781 2.13168141022
10570509 2.13168141022
11808746 2.12648694436
10214504 2.12648694436
9413204 2.12648694436
10579908 2.12648694436
10453997 2.12648694436
8673465 2.12474696903
11596779 2.12129663947
7913765 2.12129663947
11751396 2.12103342334
9651244 2.11958620289
11715041 2.11958620289
8930131 2.11958620289
7892244 2.11958620289
9798412 2.11958620289
10422627 2.114429489
11854455 2.11273010425
9615786 2.11273010425
10906485 2.11273010425
12482659 2.11101255978
10498399 2.11101255978
9769665 2.11101255978
10620112 2.11101255978
12819026 2.10987309302
9811348 2.10760665631
12917433 2.10760665631
10629055 2.10421172528
11087738 2.10082771378
11044077 2.10082771378
10500259 2.09915011376
9504047 2.09915011376
12530934 2.09915011376
7903889 2.09915011376
11836235 2.09915011376
11677782 2.09915011376
10074458 2.09745456918
9808784 2.09409223925
8529641 2.09409223925
11680723 2.09242537484
11329088 2.09242537484
11199279 2.09242537484
9843048 2.09074067204
10233847 2.09074067204
11836164 2.08739981597
9717828 2.08739981597
9759548 2.08574358445
10449402 2.08574358445
12377979 2.08119655721
11788089 2.07910433246
7953556 2.07744100356
10753056 2.07744100356
10777212 2.07744100356
8933656 2.07744100356
11573085 2.07250721393
9675514 2.07250721393
7602133 2.06757676529
11593359 2.06595182906
7554087 2.06430946986
10820200 2.06105248445
7750130 2.06105248445
10605524 2.06105248445
11382361 2.05943778307
11295280 2.05943778307
12533679 2.05780576033
10969799 2.05540477437
11429482 2.05296468618
10405997 2.05296468618
8204954 2.05296468618
12413148 2.05296468618
9521423 2.05296468618
8938267 2.05296468618
12594041 2.05134290262
10026381 2.04653215345
11973454 2.04653215345
9482681 2.04653215345
7954797 2.04653215345
12170775 2.04274713034
14632577 2.04172437517
10077847 2.0401398048
9377804 2.0401398048
9041854 2.03853821263
10546893 2.03378726484
10631462 2.02903911202
12023309 2.02747416286
10198022 2.02747416286
14501016 2.02747416286
9435231 2.02747416286
10643890 2.02747416286
8741132 2.02747416286
14627122 2.02747416286
10945468 2.02747416286
8553305 2.02275540769
9265639 2.02275540769
9630671 2.02120013274
10389925 2.01962812789
12535700 2.01496481287
12953785 2.01496481287
10543441 2.01496481287
11924117 2.01496481287
8922485 2.01496481287
9401110 2.01496481287
10997962 2.0103040398
9679734 2.0087678461
11223406 2.0087678461
7550227 2.0087678461
11399424 2.0087678461
12802197 2.0087678461
8950237 2.00721511298
10411108 2.00413566415
9739014 2.00260887965
8135777 2.00260887965
11607822 2.00260887965
7525963 2.00260887965
10759872 2.00260887965
11820643 2.00260887965
9152521 1.99764010416
9140409 1.99648756505
10068135 1.99648756505
12618450 1.99648756505
12728797 1.99648756505
10655490 1.99648756505
9831034 1.99648756505
9272157 1.99495375142
10068637 1.99191178168
7524063 1.9904035581
10707834 1.9904035581
9046040 1.9904035581
12516859 1.9904035581
12729387 1.9904035581
8589719 1.9904035581
7758584 1.9904035581
8939448 1.9904035581
11074587 1.9904035581
11773092 1.98585558855
7808388 1.98435651875
9307261 1.98435651875
8808280 1.98435651875
7667285 1.98435651875
10544223 1.98172751565
10523726 1.9783461111
8988243 1.9783461111
11024547 1.9783461111
10199970 1.9783461111
12067616 1.9783461111
10708260 1.9783461111
11385626 1.9783461111
10945625 1.97778890068
10867779 1.97684003488
11137655 1.97684003488
8070588 1.97237200329
12750306 1.97237200329
9676381 1.97237200329
10023546 1.97237200329
9702198 1.97237200329
9747583 1.97087500584
7626028 1.97087500584
14555994 1.96790597039
8539650 1.96643386746
11962250 1.96643386746
9340870 1.96643386746
11517328 1.96643386746
8905608 1.96643386746
12388783 1.96643386746
8820179 1.96643386746
7537150 1.96053137969
12702271 1.96053137969
9292884 1.96053137969
7483933 1.96053137969
12425984 1.96053137969
9262053 1.95466421993
14517260 1.95466421993
11785012 1.95466421993
11014930 1.95466421993
8080430 1.95466421993
8889604 1.95466421993
7529552 1.95466421993
8961669 1.94883207196
10485458 1.94883207196
10982018 1.94683476593
9573617 1.94303462331
10603087 1.94303462331
10204701 1.94303462331
11722768 1.94303462331
11257105 1.94303462331
11395447 1.94303462331
10704370 1.93870031335
12359500 1.93727156523
8922346 1.93727156523
1341800 1.93727156523
9224802 1.93727156523
10998555 1.93727156523
7900415 1.93727156523
8121493 1.93727156523
11980362 1.93727156523
9222962 1.93582735546
10607841 1.93154259262
12151303 1.93154259262
11172903 1.93154259262
10498877 1.93154259262
9292886 1.93154259262
11202371 1.93154259262
10981040 1.93154259262
11922767 1.93154259262
10221164 1.92584740397
11996655 1.92584740397
12362976 1.92584740397
11517213 1.92584740397
12356907 1.92584740397
9207848 1.92584740397
10022869 1.92584740397
9508065 1.92584740397
12543068 1.92018570132
9344855 1.92018570132
9636375 1.92018570132
12843017 1.91876684445
12109777 1.9145571902
12218417 1.9145571902
10327206 1.9145571902
10405784 1.9145571902
10572647 1.9145571902
12296628 1.9145571902
7565605 1.9145571902
14598187 1.91314663608
11936239 1.9089615796
9154032 1.9089615796
11258481 1.9089615796
11790131 1.9089615796
12207688 1.9089615796
7900428 1.9089615796
10976385 1.90755925557
12490152 1.90339858188
8908519 1.90339858188
8308276 1.90339858188
10662508 1.90339858188
11875431 1.90339858188
12651122 1.90339858188
9480784 1.90339858188
10090481 1.90339858188
11571077 1.90339858188
9222170 1.89786791275
11498002 1.89786791275
12180911 1.89786791275
12213593 1.89786791275
7981087 1.89786791275
9223097 1.89786791275
9594287 1.89236929123
7588397 1.89236929123
10373238 1.89236929123
9427643 1.89236929123
12620293 1.88774502796
7866901 1.88690243956
8051704 1.88690243956
9502232 1.88690243956
11774350 1.88690243956
10441006 1.88690243956
9133344 1.88690243956
10915844 1.88146708319
11166730 1.88146708319
12777387 1.88146708319
8309625 1.88146708319
9029764 1.88146708319
10921026 1.88146708319
9495195 1.87606295075
8616794 1.87606295075
11845305 1.87606295075
11536144 1.87606295075
8270114 1.87470852777
10393368 1.87068977393
10491283 1.87068977393
12454922 1.87068977393
9399509 1.87068977393
8970821 1.86534728754
12455903 1.86534728754
11248545 1.86534728754
10762061 1.86534728754
11999694 1.86534728754
10526539 1.86534728754
10557064 1.86400828719
8599584 1.86135228534
11410663 1.86003522936
9600213 1.86003522936
10411315 1.86003522936
7797249 1.86003522936
10465765 1.86003522936
10507458 1.86003522936
11707325 1.86003522936
10425202 1.86003522936
9103903 1.86003522936
9589393 1.86003522936
9160329 1.86003522936
7664689 1.85606292414
7672107 1.85475334019
11212354 1.85475334019
10424391 1.85475334019
8809810 1.85475334019
10467288 1.85475334019
10197599 1.85475334019
11776570 1.84950136373
10485843 1.84950136373
9605747 1.84950136373
11170070 1.84950136373
9454729 1.84950136373
10390527 1.84950136373
12568713 1.84950136373
8154875 1.84427904661
9603787 1.84427904661
9203511 1.84427904661
8566553 1.84427904661
11920247 1.84427904661
12062061 1.84427904661
8138663 1.84427904661
9389536 1.84297011162
12566177 1.83908613828
12946024 1.83908613828
8808288 1.83908613828
10084106 1.83908613828
10464643 1.83908613828
9174362 1.83778456141
7814023 1.83392239103
10815629 1.83392239103
11431357 1.83392239103
11875266 1.83392239103
7796806 1.83392239103
11532215 1.83392239103
9504914 1.83392239103
11262969 1.83392239103
8766720 1.82878755991
12559836 1.82878755991
10533286 1.82878755991
8794383 1.82878755991
8875248 1.82878755991
7654070 1.82878755991
7695621 1.82878755991
11219603 1.82878755991
10527664 1.82878755991
9496785 1.82878755991
12496260 1.82368140271
9854018 1.82368140271
11516318 1.82368140271
7836799 1.82368140271
9565840 1.82368140271
11668475 1.82368140271
11161835 1.82368140271
8825494 1.82368140271
12588998 1.81860367991
11807980 1.81860367991
7543317 1.81860367991
12217649 1.81860367991
9864731 1.81860367991
11589913 1.81860367991
11339380 1.81860367991
11458182 1.81860367991
9034717 1.81860367991
10891340 1.81860367991
11212928 1.81355415468
11931631 1.81355415468
8725280 1.81355415468
7477932 1.80977769801
10694427 1.80977769801
12834262 1.80853259277
11351281 1.80853259277
9778036 1.80853259277
12390700 1.80853259277
11162483 1.80853259277
8865261 1.80853259277
9425301 1.80853259277
11278839 1.80353876255
9685483 1.80353876255
8946195 1.80353876255
10980579 1.80353876255
9749296 1.80353876255
9041173 1.80353876255
8256599 1.80353876255
10936108 1.80353876255
12742741 1.80353876255
10677567 1.80353876255
10535317 1.80353876255
11842121 1.80353876255
12559331 1.80353876255
9341149 1.80353876255
11087375 1.79857243492
11406594 1.79857243492
9497353 1.79857243492
9409540 1.79857243492
8151305 1.79857243492
9199301 1.79857243492
11673469 1.79857243492
11493554 1.79857243492
11041238 1.79857243492
9038899 1.79857243492
11581263 1.79857243492
9724707 1.79857243492
12527452 1.79857243492
9342402 1.7936333833
9480811 1.7936333833
12444540 1.78872138362
7595652 1.78872138362
9504423 1.78872138362
11743951 1.78872138362
9442085 1.78872138362
10452942 1.78872138362
8798155 1.78872138362
10743228 1.78872138362
7917764 1.78872138362
11533667 1.78872138362
7730607 1.78383621422
9515800 1.78383621422
10720068 1.78383621422
10943552 1.78383621422
12133529 1.78383621422
9316155 1.78383621422
10791953 1.77897765587
11226295 1.77897765587
12729732 1.77897765587
10196284 1.77897765587
8938060 1.77897765587
8822793 1.77897765587
12062803 1.77897765587
7765841 1.77897765587
10454765 1.77414549173
12405283 1.77414549173
11857543 1.77414549173
11146649 1.77414549173
10691736 1.77414549173
10767316 1.77414549173
9421531 1.77414549173
11782421 1.77414549173
12942761 1.77414549173
10801889 1.77414549173
12036948 1.77053121364
11040081 1.7693395073
7590286 1.7693395073
12548922 1.7693395073
7617191 1.7693395073
12074273 1.7693395073
9336829 1.7693395073
11395427 1.7693395073
11908672 1.7693395073
9121689 1.7645594904
10655540 1.7645594904
12147358 1.7645594904
8171018 1.7645594904
10096563 1.7645594904
9025308 1.7645594904
10200050 1.7645594904
9353311 1.7645594904
9499404 1.7645594904
9060821 1.7645594904
10430906 1.7645594904
8756290 1.7645594904
11851296 1.75980523113
9288972 1.75980523113
9520135 1.75980523113
10593858 1.75980523113
12040181 1.75980523113
9334382 1.75980523113
10903346 1.75980523113
14555988 1.75980523113
11230433 1.75507652186
11788090 1.75507652186
9636182 1.75507652186
11359873 1.75507652186
8948590 1.75507652186
12202986 1.75507652186
7510254 1.75507652186
11606465 1.75507652186
11160010 1.75507652186
11435075 1.75507652186
12902910 1.75389110299
7812461 1.75037315717
11159443 1.75037315717
8142618 1.75037315717
7932722 1.75037315717
9099751 1.75037315717
9690739 1.75037315717
11840201 1.75037315717
9386771 1.75037315717
11200472 1.75037315717
11266125 1.74569493386
8653712 1.74569493386
10518943 1.74569493386
11551628 1.74569493386
9298347 1.74569493386
10363156 1.74569493386
8841986 1.74569493386
8779308 1.74569493386
11441651 1.74104165086
9801319 1.74104165086
8904422 1.74104165086
12006565 1.74104165086
11018029 1.74104165086
11106397 1.74104165086
7602098 1.74104165086
12933681 1.74104165086
7576301 1.73641310928
10533070 1.73641310928
9770483 1.73641310928
9112568 1.73641310928
8543779 1.73641310928
9816912 1.73641310928
10727777 1.73641310928
7507247 1.73641310928
9361294 1.73641310928
11544527 1.73180911231
10720462 1.73180911231
9103402 1.73180911231
10871544 1.73180911231
10331611 1.73180911231
11513353 1.73180911231
12054902 1.73180911231
7984055 1.73180911231
12353948 1.73180911231
12141663 1.73180911231
10768621 1.73180911231
12846153 1.73180911231
11065229 1.73180911231
7777379 1.73180911231
10215652 1.72722946523
9582269 1.72722946523
11950877 1.72722946523
9653185 1.72722946523
11378241 1.72722946523
12655444 1.72722946523
10848606 1.72722946523
9563882 1.724205748
9629521 1.72267397538
12114548 1.72267397538
11591785 1.72267397538
12474147 1.72267397538
10217145 1.72267397538
8699317 1.72267397538
9632739 1.72267397538
10966386 1.72267397538
9164844 1.72267397538
12490443 1.71814245211
8867021 1.71814245211
8946241 1.71814245211
7561785 1.71814245211
12445262 1.71814245211
7975899 1.71814245211
9804121 1.71814245211
9298817 1.71814245211
9560161 1.71814245211
9461459 1.71363470679
8108130 1.71363470679
8833206 1.71363470679
7707875 1.71363470679
11387322 1.71363470679
11763242 1.71363470679
9264373 1.71363470679
9435787 1.71363470679
7592868 1.71363470679
9733749 1.71363470679
10798368 1.71363470679
7797568 1.71363470679
8127662 1.71363470679
10506086 1.70915055276
11182545 1.70915055276
10521694 1.70915055276
9651685 1.70915055276
10320570 1.70915055276
9973251 1.70915055276
10069390 1.70915055276
12137778 1.70915055276
9798914 1.70915055276
9759544 1.70915055276
9523155 1.70915055276
11196192 1.70915055276
10982789 1.70468980531
11835377 1.70468980531
7479028 1.70468980531
12112645 1.70468980531
9085150 1.70468980531
11535808 1.70468980531
7598484 1.70468980531
11891507 1.70468980531
12873803 1.70468980531
7569573 1.70025228163
7559507 1.70025228163
8662762 1.70025228163
8846047 1.70025228163
10415848 1.70025228163
8986743 1.69583780085
7521765 1.69583780085
9555645 1.69583780085
11098287 1.69583780085
9878823 1.69583780085
11640918 1.69583780085
12925512 1.69583780085
12823867 1.69583780085
10801422 1.69583780085
12596054 1.69583780085
11085951 1.69144618393
7861134 1.69144618393
11466418 1.69144618393
7805557 1.69144618393
7718884 1.69144618393
9045875 1.69144618393
12386156 1.69144618393
9452523 1.68707725372
11092888 1.68707725372
11592839 1.68707725372
12682277 1.68707725372
10371465 1.68707725372
12451465 1.68707725372
10919765 1.68707725372
10779398 1.68273083487
7542225 1.68273083487
8301647 1.68273083487
11354629 1.68273083487
14559828 1.68273083487
7541035 1.68273083487
12969272 1.68273083487
9346876 1.68273083487
11323438 1.68273083487
10620018 1.68273083487
10704998 1.68273083487
8176545 1.67840675384
10986244 1.67840675384
12063165 1.67840675384
9748228 1.67410483886
8199017 1.67410483886
8621434 1.67410483886
12897146 1.67410483886
9126742 1.67410483886
12237305 1.67410483886
9929982 1.66982491993
10523691 1.66982491993
9048737 1.66982491993
12664293 1.66982491993
9007097 1.66982491993
12809803 1.66982491993
10383149 1.66982491993
9601014 1.66982491993
11897868 1.66982491993
9832560 1.66982491993
11115590 1.66982491993
9098525 1.66982491993
8780390 1.66982491993
10441331 1.66556682878
11747617 1.66556682878
11566809 1.66556682878
9329691 1.66133039885
14578176 1.66133039885
9831633 1.66133039885
8925567 1.66133039885
10519989 1.66133039885
10431784 1.66133039885
8522310 1.66133039885
9395070 1.66133039885
10742244 1.65711546527
8203453 1.65711546527
9150387 1.65711546527
10473623 1.65711546527
11401727 1.65711546527
11118639 1.65711546527
11856376 1.65711546527
7545672 1.65711546527
11222361 1.65711546527
9663428 1.65711546527
12717447 1.65292186485
9342439 1.65292186485
10412591 1.65292186485
12172928 1.65292186485
11973359 1.65292186485
10841543 1.65292186485
11294900 1.65292186485
12702729 1.65292186485
10940786 1.65292186485
8564085 1.65292186485
12424114 1.64874943602
10534576 1.64874943602
12184811 1.64874943602
12716434 1.64874943602
12441637 1.64874943602
9588077 1.64874943602
9175625 1.64459801886
11118444 1.64459801886
12083513 1.64459801886
11500490 1.64459801886
11258200 1.64459801886
12198712 1.64459801886
7538376 1.64459801886
9746908 1.64459801886
11577832 1.64459801886
14597160 1.64459801886
11381093 1.64459801886
11506907 1.64459801886
12000842 1.64459801886
12413003 1.64046745506
10493721 1.64046745506
11252384 1.64046745506
14566027 1.64046745506
9796438 1.64046745506
11042679 1.64046745506
12833692 1.64046745506
11680956 1.64046745506
7503932 1.64046745506
10867209 1.64046745506
8999875 1.63635758789
7533605 1.63635758789
11964188 1.63635758789
12144770 1.63635758789
9620951 1.63635758789
8592153 1.63226826217
10090891 1.63226826217
9129962 1.63226826217
10049393 1.63226826217
12695333 1.63226826217
11356517 1.63226826217
11454870 1.63226826217
10525340 1.63226826217
10939571 1.63226826217
12881819 1.63226826217
12223532 1.63226826217
11377710 1.63226826217
10419695 1.63226826217
9198275 1.63226826217
11860878 1.62819932429
12409958 1.62819932429
9781063 1.62819932429
14583405 1.62819932429
11432641 1.62819932429
12030848 1.62819932429
9893636 1.62819932429
11684670 1.62819932429
11042197 1.62415062217
10401002 1.62415062217
11060066 1.62415062217
11115061 1.62415062217
11268486 1.62415062217
9272738 1.62415062217
9121681 1.62012200521
10408837 1.62012200521
12531510 1.62012200521
8553401 1.62012200521
9536083 1.62012200521
7887918 1.62012200521
12399376 1.62012200521
9639701 1.62012200521
10908318 1.62012200521
9763443 1.62012200521
9324112 1.61611332433
8899655 1.61611332433
10650926 1.61611332433
8763629 1.61611332433
10649490 1.61611332433
9147660 1.61611332433
9694662 1.61611332433
9419350 1.61611332433
11168509 1.61611332433
8532848 1.61212443191
11466205 1.61212443191
8058309 1.61212443191
12354330 1.61212443191
9869640 1.61212443191
8841192 1.60815518179
10697270 1.60815518179
12214015 1.60815518179
12067384 1.60815518179
10760150 1.60815518179
8956039 1.60815518179
12871858 1.60815518179
11442061 1.60815518179
10630313 1.60815518179
9511934 1.60815518179
12736093 1.60815518179
8076181 1.60815518179
9621435 1.60420542923
10882424 1.60420542923
11152673 1.60420542923
7529176 1.60420542923
10982189 1.60420542923
11299347 1.60420542923
9236238 1.60420542923
11790841 1.60420542923
9413807 1.60420542923
9268379 1.60027503092
10431691 1.60027503092
12213776 1.60027503092
9516941 1.60027503092
9220497 1.60027503092
9811468 1.60027503092
9007245 1.60027503092
10713886 1.59636384497
7937747 1.59636384497
11583957 1.59636384497
10506150 1.59636384497
12063551 1.59636384497
12552971 1.59636384497
7565661 1.59636384497
8898388 1.59636384497
8549336 1.59247173083
9829755 1.59247173083
9797105 1.59247173083
7922267 1.59247173083
12764135 1.59247173083
10610805 1.59247173083
9792505 1.59247173083
9789072 1.59247173083
9254864 1.59247173083
11311782 1.59247173083
12062907 1.59247173083
10347250 1.58859854935
11211307 1.58859854935
10440271 1.58859854935
12799473 1.58859854935
12323398 1.58859854935
12824348 1.58859854935
7748932 1.58859854935
7508204 1.58859854935
8174645 1.58859854935
11983060 1.58859854935
12139012 1.58474416273
12438216 1.58474416273
11208018 1.58474416273
8530412 1.58474416273
12537560 1.58474416273
11471205 1.58474416273
12773797 1.58474416273
9174050 1.58474416273
9567197 1.58474416273
10547075 1.58474416273
11052261 1.58474416273
9662406 1.58474416273
12596036 1.58090843449
10364266 1.58090843449
11315514 1.58090843449
11397085 1.58090843449
8713460 1.58090843449
9660812 1.58090843449
12124346 1.58090843449
9384602 1.57709122948
8685921 1.57709122948
10713370 1.57709122948
11821507 1.57709122948
10418817 1.57709122948
12364573 1.57329241383
10227392 1.57329241383
11897640 1.57329241383
8269624 1.57329241383
12185600 1.57329241383
12625758 1.57329241383
11594007 1.57329241383
10467179 1.57329241383
9705968 1.57329241383
12067986 1.57329241383
7623837 1.56951185499
11434425 1.56951185499
10361906 1.56951185499
11425517 1.56951185499
7935476 1.56951185499
12637543 1.56951185499
10803465 1.56574942166
9778350 1.56574942166
11110674 1.56574942166
11022033 1.56574942166
9531031 1.56574942166
11395428 1.5620049838
10935434 1.5620049838
9726005 1.5620049838
10519881 1.5620049838
10891549 1.5620049838
10805082 1.5620049838
9706879 1.5620049838
12230954 1.55827841261
9753087 1.55827841261
9341879 1.55827841261
10436301 1.55827841261
10617108 1.55827841261
9147111 1.55827841261
12832467 1.55827841261
12456815 1.55827841261
12766367 1.55827841261
12749816 1.55456958051
10588049 1.55456958051
9742080 1.55456958051
11399075 1.55456958051
7731139 1.55456958051
11020209 1.55456958051
10792029 1.55456958051
9874260 1.55456958051
10736164 1.55456958051
10025789 1.55456958051
12470655 1.55456958051
9592986 1.55179387783
9181474 1.55087836116
7770036 1.55087836116
7632759 1.55087836116
7548225 1.55087836116
10206644 1.55087836116
10946811 1.55087836116
11451944 1.55087836116
8584109 1.55087836116
12112317 1.55087836116
11102895 1.54720462937
11864571 1.54720462937
8645210 1.54720462937
9585611 1.54720462937
12111622 1.54720462937
9527488 1.54720462937
11465732 1.54720462937
11682503 1.54720462937
8827075 1.54720462937
10702702 1.54720462937
8596645 1.54354826118
12562867 1.54354826118
9778512 1.54354826118
10504535 1.54354826118
12551987 1.54354826118
11697722 1.54354826118
8910423 1.54354826118
11865063 1.54354826118
8840785 1.54354826118
11042172 1.54354826118
11574534 1.53990913378
7987303 1.53990913378
8141249 1.53990913378
12433964 1.53990913378
12648161 1.53990913378
11700594 1.5362871255
10771469 1.5362871255
10713907 1.5362871255
9176520 1.5362871255
11291049 1.5362871255
12424116 1.53268211583
10963624 1.53268211583
10791772 1.53268211583
11171333 1.53268211583
9369317 1.52909398539
9817918 1.52909398539
11698238 1.52909398539
11167765 1.52909398539
9886492 1.52909398539
11958601 1.52552261591
12428809 1.52552261591
9877523 1.52552261591
11251075 1.52552261591
12797454 1.52552261591
11790258 1.52552261591
8631771 1.52552261591
10840275 1.52552261591
12521276 1.52552261591
9272464 1.52552261591
11138785 1.52196789021
8922523 1.52196789021
11883825 1.52196789021
11001884 1.52196789021
11351135 1.52196789021
7569314 1.52196789021
11569691 1.52196789021
9611274 1.52196789021
9050933 1.52196789021
9438104 1.52125053493
11714097 1.51842969223
11250194 1.51842969223
7808412 1.51842969223
9447990 1.51842969223
10021295 1.51842969223
12206982 1.51842969223
12221002 1.51842969223
8618881 1.51490790696
9288321 1.51490790696
9516080 1.51490790696
7853720 1.51490790696
12380673 1.51490790696
10343352 1.51490790696
8999968 1.51490790696
9715796 1.51490790696
9576554 1.51140242046
11870335 1.51140242046
11744376 1.51140242046
9952397 1.51140242046
7493339 1.51140242046
11850199 1.51140242046
8824549 1.51140242046
10624576 1.51140242046
8137132 1.51140242046
8888684 1.50791311986
9652956 1.50791311986
9890274 1.50791311986
12882321 1.50791311986
11846426 1.50791311986
11257106 1.50443989329
10568687 1.50443989329
10773659 1.50443989329
7744055 1.50443989329
12970888 1.50443989329
8188702 1.50098262996
10409666 1.50098262996
11082136 1.50098262996
9683473 1.50098262996
11476599 1.49754122005
8707291 1.49754122005
8823295 1.49754122005
11668613 1.49754122005
12391285 1.49754122005
12045294 1.49754122005
10924661 1.49754122005
10585878 1.49754122005
9925751 1.49411555478
11141572 1.49411555478
14559845 1.49411555478
14572957 1.49411555478
11379874 1.49411555478
11954790 1.49411555478
9737689 1.49411555478
9115959 1.49070552634
12654486 1.49070552634
11019486 1.49070552634
7740560 1.49070552634
10444722 1.49070552634
11912257 1.49070552634
8973350 1.49070552634
9731708 1.49070552634
7863007 1.48731102791
10653141 1.48731102791
7543926 1.48393195363
12010888 1.48393195363
11529632 1.48393195363
8738414 1.48393195363
10821349 1.48393195363
9031109 1.48056819863
7918312 1.48056819863
11698413 1.48056819863
10632363 1.47388623162
11531831 1.47388623162
10063801 1.47388623162
12297500 1.47388623162
10404149 1.47388623162
9352931 1.47388623162
11961082 1.47388623162
10591994 1.47056781453
12713446 1.47056781453
11567883 1.47056781453
11349733 1.47056781453
9144240 1.46726430654
11354633 1.46726430654
12140283 1.46726430654
12865275 1.46726430654
11836457 1.46726430654
12097483 1.46397560739
11782291 1.46397560739
7768895 1.46397560739
12620982 1.46397560739
10592313 1.46070161773
11058080 1.46070161773
10559559 1.46070161773
11568585 1.46070161773
12461745 1.45744223909
10332046 1.45744223909
11523056 1.45744223909
10794547 1.45744223909
12653249 1.45744223909
12801950 1.45419737388
8754804 1.45419737388
11150315 1.45419737388
12499294 1.45419737388
10602437 1.45419737388
11170498 1.45096692538
8680406 1.45096692538
10392640 1.45096692538
9588694 1.45096692538
10369475 1.45096692538
11326315 1.44775079773
11135358 1.44775079773
11505481 1.44775079773
11241584 1.44775079773
9663918 1.44534314677
9405066 1.44454889589
9829750 1.44454889589
8806095 1.44454889589
14526128 1.44136112571
8878393 1.44136112571
12807884 1.44136112571
11367863 1.44136112571
8601592 1.44136112571
7736397 1.43818739382
9261139 1.43818739382
12747802 1.43818739382
11595174 1.43502760771
12007439 1.43188167564
9626207 1.43188167564
8811505 1.43188167564
9918202 1.43188167564
10534164 1.42874950671
11702218 1.42874950671
12486146 1.42563101079
10855732 1.42563101079
9409670 1.42563101079
9836759 1.42563101079
9925607 1.42252609855
11125035 1.42252609855
8776001 1.42252609855
11585785 1.42252609855
12960057 1.42252609855
7634826 1.42252609855
10666217 1.41943468142
11742033 1.41943468142
10359135 1.41635667163
10884465 1.41635667163
10582241 1.41635667163
11424088 1.41024052664
10862037 1.41024052664
11337376 1.40720221963
11607813 1.40720221963
9021684 1.40720221963
9412623 1.40720221963
10520411 1.40720221963
7771806 1.4041769763
9753672 1.4041769763
11589568 1.4041769763
12414519 1.4041769763
12930093 1.40116471258
12452018 1.40116471258
12663788 1.40116471258
10723090 1.3981653451
10409741 1.3981653451
12057910 1.3981653451
11796825 1.39517879124
10817561 1.39517879124
9128415 1.39220496904
10456616 1.39220496904
11148144 1.39220496904
12377801 1.39220496904
10733477 1.39220496904
11169609 1.39220496904
12625759 1.38924379729
9774362 1.38702666288
9917439 1.38629519541
9139849 1.38629519541
12007192 1.38335908355
10914688 1.38335908355
11304692 1.38043538252
7511818 1.37752401379
11535925 1.37462489949
12860251 1.37173796242
9892103 1.37173796242
9791097 1.37173796242
9516836 1.36886312602
12502430 1.36886312602
10811013 1.36600031436
11746988 1.36600031436
12174376 1.36600031436
9737700 1.36600031436
8727912 1.36600031436
11786778 1.36314945216
9460744 1.36031046476
9829729 1.36031046476
11803551 1.36031046476
10090925 1.36031046476
11095651 1.35748327812
11586265 1.35466781881
10548311 1.35186401401
10590481 1.35186401401
7699689 1.34907179152
8958178 1.34907179152
10840365 1.34352180753
12014383 1.34352180753
9620320 1.34352180753
12606279 1.34076390456
12049812 1.34076390456
9621431 1.33801730092
10637934 1.33801730092
11375896 1.33528192731
12369958 1.33255771499
9270721 1.3298445958
11912146 1.3298445958
10047661 1.31910170605
11406725 1.31910170605
11516830 1.31910170605
14504191 1.31644304905
9105559 1.31379508758
11810042 1.31379508758
9440120 1.31115775721
10072027 1.30853099406
9690097 1.30853099406
11159960 1.30330891637
11887399 1.30071347657
10354271 1.29812835347
12537441 1.29555348568
13130478 1.29555348568
8980296 1.29298881228
11106684 1.29298881228
11782372 1.29043427286
10024341 1.28788980747
12011224 1.28535535663
12393468 1.27531652563
11950889 1.27283127166
9769421 1.26543328916
7985814 1.26543328916
11095652 1.2629863686
8600310 1.2629863686
12651858 1.2581208072
10781936 1.25089235207
10812966 1.24850128981
8810616 1.24611935106
10027074 1.23902775675
10891990 1.23668179484
12529663 1.23668179484
8058122 1.2320164214
8080727 1.22738611584
12417732 1.22508399019
8806108 1.22508399019
12203776 1.22050554973
11755948 1.21370169668
11152283 1.21145057168
11431334 1.20474702298
11036939 1.20252896263
10555745 1.20252896263
11377815 1.19592351644
10842016 1.19592351644
10574705 1.18939024077
11984003 1.1850742364
11222086 1.18292795922
10946849 1.17865864333
8909296 1.17442003346
9822164 1.16603361621
12115687 1.16188516272
11193807 1.15776612289
12399978 1.15367618499
11036938 1.14157793107
7515498 1.13562346084
8625252 1.12778012633
10961431 1.12583619198
12733424 1.12196835854
10692487 1.10863774123
8774640 1.10116151169
12076081 1.06698369166
9717965 1.06178019108
8625833 1.04479587664
10872473 1.01397849421
