10077651
10084280
10084283
10088633
10226041
10228348
10318901
10343352
10373684
10449402
10520410
10520411
10522550
10535463
10571078
10572108
10610721
10693783
10693807
10746346
10828623
10882071
10905536
11035780
11207374
11313265
11313311
11389698
11431687
11518724
11518736
11673399
11684086
11746453
11774199
11783942
11809412
11841990
11842003
11888608
11897618
11914044
11925460
11925462
11933019
12091366
12091367
12123233
12139399
12161425
12190182
12376346
12377801
12382200
12401307
12401946
12406098
12416729
12522003
12547222
12547233
12547238
12547239
12572662
12606179
12641343
12704390
12730111
12730114
12730455
12730464
12743117
12801950
12857545
12857562
12865285
12949720
9444760
9884584
