10022283
10022811
10063799
10063801
10376709
10383149
10434051
10449029
10506108
10709351
10754209
10789590
10850428
10939302
11062172
11106570
11159745
11202371
11221893
11379771
11478311
11479924
11549581
11578149
11837328
11888902
11966728
12007462
12056955
12115027
12142075
12205293
12213091
12357214
12426125
12444958
12496056
12536972
12570332
12771040
12786820
12807737
12860275
12963910
7480154
7518873
7586151
7597292
7646487
7654567
7767977
7768961
7861002
7880757
7885065
7923121
7929914
7946481
7970701
7982204
8024554
8083043
8176259
8176260
8176545
8192589
8207047
8269624
8284325
8552621
8570742
8577862
8599584
8672868
8738715
8757756
8875958
8910917
8947516
8973605
9044829
9066295
9066309
9085565
9102205
9103288
9106644
9114751
9114752
9118965
9129223
9147614
9155265
9163673
9163689
9284102
9337620
9412816
9477770
9487800
9600352
9602862
9619829
9681650
9688142
9757594
9796438
9833778
9890274
9919614
9920445
