10022869
10092624
10207044
10220381
10220513
10231841
10328134
10415848
10423029
10426188
10436786
10441006
10446110
10451707
10473623
10479724
10480932
10485843
10487520
10490821
10504488
10525340
10531062
10537276
10559222
10559252
10572039
10574705
10593858
10620018
10626800
10636910
10636916
10647180
10652350
10667205
10670756
10691736
10698524
10708962
10719364
10753944
10762604
10773876
10781087
10791953
10797267
10810347
10811127
10814522
10819637
10823886
10828062
10842191
10843994
10845932
10871368
10878024
10887185
10896788
10918613
10942775
10944227
10950061
10962574
10969799
10980115
10980615
10995777
10995883
11002426
11006212
11007770
11013220
11018029
11019486
11040453
11042172
11043574
11062049
11074002
11074605
11075857
11094085
11106403
11114293
11152469
11159190
11170475
11196171
11197776
11211785
11230153
11231077
11234879
11244507
11265759
11274206
11278290
11278302
11278746
11278805
11323508
11325521
11352818
11352931
11355940
11371552
11381269
11385614
11391794
11391801
11401430
11401854
11424093
11438451
11442661
11451566
11480790
11481457
11483516
11502752
11553622
11583957
11700304
11704665
11740493
11741830
11745435
11751405
11751474
11751510
11784716
11788714
11809702
11818334
11836524
11857783
11866987
11904440
11920286
11920662
11927552
11971895
12010891
12044892
12060625
12077092
12097147
12116240
12140283
12142355
12168833
12183405
12191474
12202987
12203117
12209716
12226080
12237237
12237773
12270938
12296825
12374795
12378510
12378511
12384184
12393497
12399463
12414519
12414627
12417513
12429655
12443883
12454109
12454922
12456495
12469138
12479060
12489180
12524424
12531695
12543979
12548549
12552124
12557227
12569386
12576474
12582250
12592392
12599018
12618756
12621041
12622415
12649207
12653249
12732634
12740389
12752264
12764135
12794086
12801888
12808092
12813045
12821112
12855402
12860278
12925608
12933797
12952364
12957874
14511658
14534532
14555988
14579540
14586410
14603262
9094310
9101086
9111321
9150356
9153220
9214507
9214508
9288972
9307274
9331080
9372933
9389648
9409665
9420335
9482899
9501027
9502722
9506519
9520423
9582123
9606191
9618481
9660945
9670020
9679056
9679060
9689110
9702198
9707553
9748228
9788608
9792626
9811934
9843964
9858566
9865717
9867367
9873005
9990040
