10075732
10098397
10197642
10393175
10405325
10409755
10456225
10465403
10493911
10518568
10549166
10608483
10675567
10698517
10729629
10749995
10854321
10855952
10871838
10892568
10922465
10944171
10946849
10982831
11000213
11044207
11050080
11061995
11065229
11232243
11306462
11329088
11371515
11404366
11579564
11713198
11751908
11961058
11965492
11972044
11973614
12020772
12031969
12063165
12076251
12213220
12384441
12393468
12419544
12441188
12508113
12530016
12606242
12623640
12647307
12670894
12782632
12882793
12932814
12963093
14555240
14581532
14597201
7612014
8051457
8174645
8287027
8892975
8967336
9009828
9142849
9157970
9294614
9298978
9315298
9332327
9373271
9432917
9457059
9502788
9603195
9609957
9633914
9653513
9660917
9666057
9705090
9733794
9771488
9801359
