10048027
10101135
10192337
10207067
10214980
10393249
10408779
10455230
10473576
10508156
10531065
10543442
10559933
10589845
10610178
10656772
10699187
10731425
10782097
10801458
10844644
10855792
10862709
10882099
10893253
10940391
10953011
10966872
10968639
10996302
11017077
11030343
11039577
11062474
11162738
11163219
11163220
11212342
11238958
11250194
11251810
11266693
11279035
11309190
11309678
11350163
11356517
11427534
11469861
11473577
11478862
11483528
11498002
11498003
11498045
11553723
11563910
11579565
11590019
11676001
11713188
11714689
11732186
11740563
11779854
11782421
11809724
11813000
11827963
11828019
11854424
11937716
11955016
11973289
11983167
12006565
12032265
12054807
12065427
12079332
12102729
12180911
12186768
12191771
12202986
12205096
12351637
12354604
12357035
12402331
12415300
12434150
12475170
12554684
12586394
12594041
12601152
12624113
12649285
12667449
12671990
12686593
12702274
12717447
12736085
12747802
12805357
12807884
12941689
12949490
14536076
14550559
14602072
7589436
7623837
7646486
7725796
7900428
8641436
8681382
8808288
8875895
8892813
9048938
9084181
9155008
9211789
9214494
9286697
9336829
9341149
9342402
9398848
9447990
9452483
9566898
9568719
9573617
9588209
9606181
9695811
9714532
9813143
9822823
9824302
9927482
9987118
