10022297
10066570
10072546
10089104
10191086
10196535
10341083
10373238
10377748
10419695
10424292
10430931
10461393
10471751
10480028
10481314
10498877
10508631
10556550
10586711
10593016
10625648
10648800
10710411
10727777
10775836
10840731
10841045
10855785
10949829
10951698
11042290
11065338
11103109
11105059
11113476
11187956
11209686
11252384
11278564
11305360
11312254
11329872
11352570
11357663
11377795
11395864
11425517
11431981
11434314
11437278
11441651
11600898
11606778
11718261
11782291
11786607
11803551
11854510
11891509
11925932
11964188
12011937
12051751
12077424
12112317
12112873
12121744
12192858
12214801
12359513
12359984
12410599
12481297
12582257
12606337
12684032
12736323
12800251
12911753
12918135
12953785
12958444
7569037
7655511
7711194
7754255
7925637
7927071
7956069
8799155
9108537
9129197
9131626
9219239
9379961
9436656
9617206
9669524
9918039
9931414
