10022863
10051559
10066435
10068483
10084702
10089880
10197449
10198251
10200259
10201076
10212234
10358047
10363651
10406793
10411315
10430906
10436014
10467179
10485847
10518943
10539765
10546893
10567911
10571878
10574707
10582239
10582241
10603300
10608654
10611969
10629064
10642555
10666456
10692421
10713047
10713137
10762014
10772955
10797484
10799498
10806345
10818107
10880343
10882424
10884686
10921923
10930472
10942599
11076011
11079455
11137137
11212067
11259410
11259415
11265249
11265250
11352638
11418602
11473244
11473321
11500494
11572779
11595179
11696557
11698580
11717310
11742419
11753406
11789303
11805121
11806825
11847342
11870916
11884525
12057190
12076081
12080467
12086615
12121618
12406900
12432270
12458564
12461537
12461556
12525704
12573574
12646924
12648674
12663224
12672455
12724336
12724408
12729753
12750381
12826404
12947384
7546294
7736580
7840898
7926769
8269085
8978815
8982460
9020379
9051815
9112437
9366190
9459640
9480875
9531529
9552389
9576483
9759494
9799726
9806944
9827704
