10203277
10227293
10362118
10383130
10391235
10391249
10391250
10391251
10393724
10397274
10462750
10562283
10618710
10623880
10637429
10637432
10754563
10761704
10769197
10799748
10821533
10873608
10894779
11028915
11034214
11053251
11101828
11114745
11181451
11193045
11279533
11314010
11321038
11423969
11445003
11457731
11470228
11494133
11494153
11517458
11571580
11593387
11595834
11676832
11709051
11713281
11733180
11753569
11768779
11804596
11844794
11844800
11859406
11891335
11932750
12007564
12027448
12032848
12086844
12163168
12388104
12427836
12535517
12601175
12673118
12676926
12726854
12750001
12824179
12850759
12853970
12880969
12934108
12951416
14522906
14576837
14585975
14627980
9774969
9823311
