10082548
10099829
10102040
10196661
10197600
10327055
10354500
10363973
10381953
10422540
10449033
10464290
10514416
10524431
10543995
10562283
10590213
10597277
10605931
10618704
10618711
10632361
10634308
10644891
10660492
10677503
10716435
10728664
10767629
10768862
10777512
10778859
10786695
10805749
10858958
10871867
10912790
10918588
10947116
10955790
10958667
10969804
10980602
10990460
11003642
11007451
11023999
11024181
11028915
11029511
11032029
11032416
11038413
11045730
11103796
11106803
11134068
11188940
11208871
11238892
11240376
11242102
11285192
11309417
11313928
11320149
11342217
11350044
11358493
11375889
11406125
11420698
11423347
11439340
11458984
11466694
11483158
11528480
11542495
11559530
11641774
11677115
11691798
11696333
11698336
11709716
11721349
11739724
11752901
11781827
11791172
11810634
11821415
11850828
11855756
11857452
11884368
11884603
11895854
11896572
11896594
11960905
12032848
12065051
12082025
12136132
12139469
12167722
12172011
12175310
12183457
12235242
12242659
12447382
12452772
12456286
12468545
12469184
12478472
12479364
12481036
12481430
12500660
12509267
12533428
12540848
12559169
12614328
12650433
12677654
12753723
12756247
12771027
12793760
12824158
12884349
12947385
14555233
14586414
7478567
7585571
7586197
7600571
7620167
7669577
7698255
7794383
7836857
7846126
7923116
7954409
7970733
7973719
7982477
8028670
8084582
8114714
8123022
8202955
8240992
8278402
8533158
8566379
8608941
8620501
8635454
8643488
8649799
8760304
8769647
8791127
8820583
8836183
8837615
8840989
8841477
8921272
8927696
8938795
8950204
8955713
9006086
9008206
9070651
9121469
9135153
9209381
9257692
9279095
9372845
9408609
9448044
9455805
9479003
9484809
9516963
9528853
9535179
9536982
9565608
9712552
9764822
9785576
9792797
9815856
9841917
9875290
9920946
9928440
9989808
