10066826
10069815
10085159
10089880
10187858
10198022
10201076
10338206
10366593
10386876
10394357
10418152
10436014
10485847
10489441
10490600
10490634
10512865
10567550
10581257
10594025
10669872
10675567
10758001
10769200
10778750
10860499
10908719
10929714
10939967
10953877
10963670
11095729
11238915
11255249
11278164
11294906
11313482
11325936
11356187
11369780
11483012
11500370
11566880
11590152
11689692
11700052
11788722
11805328
11922767
11978736
11988742
12006651
12023018
12024015
12052857
12055639
12062418
12073348
12105183
12200873
12226645
12242276
12386321
12388757
12399376
12428376
12455997
12498686
12668671
12686616
12709439
12724382
12827207
12861024
12940988
12944490
13678584
14500784
7565661
7592826
7629121
7668047
7746144
7756256
8035826
8111427
8164658
8168512
8246991
8530467
8550022
8552096
8575614
8631913
8643628
8657109
8668125
8668140
8668529
8682868
8702625
8707846
8754804
8824423
8887631
8890162
8898388
8910518
8922277
8985178
8988243
9045811
9119204
9172777
9197546
9224769
9234711
9236779
9251034
9261152
9264468
9312010
9312022
9341106
9344467
9346239
9353226
9353311
9390558
9395529
9409540
9411438
9427760
9430629
9435231
9437001
9447974
9461595
9491072
9497353
9499404
9501986
9531529
9531531
9576943
9582269
9660812
9675819
9695950
9729791
9737955
9759731
9763443
9844630
9852036
9891035
9914499
