10066767
10068205
10068631
10072433
10095055
10197584
10198408
10213389
10231431
10233847
10322627
10322633
10322634
10322635
10322639
10364221
10378507
10417819
10419986
10429969
10435671
10446941
10455433
10469351
10469352
10471511
10473125
10473900
10491256
10516285
10535315
10559499
10559500
10564808
10587573
10588954
10603125
10648626
10665934
10694420
10708260
10781953
10786630
10792603
10794525
10805082
10820169
10837121
10842075
10844592
10862152
10864459
10906484
10906485
11001832
11095652
11146507
11171333
11231089
11267665
11274234
11278314
11287180
11322368
11331749
11420908
11493536
11500984
11507767
11511678
11520675
11575428
11675412
11683498
11702001
11704567
11707325
11731251
11731455
11741991
11744376
11850197
11850199
11903315
11911958
11912257
11914036
11934706
11937757
11948913
11969263
12049787
12050119
12089378
12089379
12094231
12107429
12109777
12141440
12164857
12191969
12217864
12221002
12386292
12427128
12435636
12482961
12496659
12496661
12617854
12660327
12660414
12783782
12783789
12882970
12925600
14520008
14603255
14627122
7508204
7531086
7569406
7643528
7648222
7655079
7657705
7720589
7731139
7822413
7840250
7909843
7922202
7922258
7922267
7943198
7967343
7990960
8030757
8052626
8117616
8119157
8165054
8167378
8200486
8306871
8306895
8532872
8567053
8601592
8642784
8674430
8683761
8725280
8760267
8799147
8812115
8827072
8831286
8840273
8853441
8865261
8889604
8922523
9045875
9067931
9150387
9165114
9286595
9324049
9365514
9375828
9435689
9476003
9507058
9523167
9705968
9726250
9744276
9815134
9853969
9878782
