10021345
10049572
10068637
10075728
10215624
10322640
10368935
10477287
10477291
10490646
10543441
10603087
10625552
10625555
10679430
10688034
10704867
10733590
10772952
10799563
10860827
10871372
10903346
10906459
10906711
10926868
10938085
10948187
10948566
10970877
10993896
10995382
10998641
11002344
11036938
11038368
11042197
11076772
11106640
11124894
11130971
11137288
11145965
11161473
11172719
11180810
11257711
11390666
11390667
11416863
11454419
11455540
11526078
11584016
11585919
11702952
11734219
11744740
11809674
11854455
11944934
12023302
12036903
12074273
12099720
12122109
12154128
12167706
12204261
12297045
12392994
12408979
12426319
12445743
12450213
12528188
12571110
12604598
12651891
12661036
12662965
12676537
12676539
12676585
12682228
12684037
12692125
12746429
12754203
12845333
12858530
12874134
12910632
14500364
14550786
14602809
14607454
7510254
7545912
7797561
7904557
7910553
8541222
8575293
8582297
8628271
8702531
8739232
8756290
8756621
8798155
8887666
8888684
8900044
8925567
8943214
8951070
8954740
8970821
9043061
9142493
9142502
9171244
9181474
9226374
9232596
9268576
9312027
9344671
9435285
9446603
9486544
9537602
9545546
9545560
9545595
9560230
9569351
9584121
9584181
9598591
9601992
9603781
9603782
9612365
9621431
9621432
9621435
9651244
9671578
9673847
9676193
9733103
9740662
9778503
9778505
9806931
9832510
9832511
9834187
9851852
9857019
9858576
9865729
9895330
