10029430
10072357
10092613
10373522
10403802
10469432
10574945
10580846
10586246
10654941
10660304
10692105
10706287
10723090
10845775
10899009
10921317
11005256
11057898
11069888
11080503
11151443
11156951
11160436
11238774
11257108
11266435
11279509
11286939
11287630
11313401
11394441
11394885
11401406
11407158
11416184
11424621
11425624
11429482
11435472
11517334
11551908
11575159
11684412
11694634
11703924
11719502
11788584
11937029
11967149
12150926
12154062
12172555
12191989
12207915
12218628
12225947
12234610
12296648
12372295
12395317
12403554
12403565
12417644
12432832
12445406
12446670
12555062
12559758
12563289
12600938
12604610
12615500
12665511
12740386
12766776
12869584
12876075
12878853
12904481
12912989
12946024
12970465
14523097
14536067
14560955
14560958
14560961
14560963
14560966
14580336
14615539
7499212
7517796
7518356
7528205
7533090
7545671
7606777
7626654
7627966
7671302
7705100
7749326
7803761
7809080
7926784
7949098
7957559
8008069
8089100
8109837
8290249
8563751
8591053
8594303
8595879
8607981
8680047
8699317
8717522
8752154
8791482
8812506
8980296
9001241
9190537
9309135
9349496
9425342
9560242
9569019
9607929
9638370
9706718
9715279
9779996
9852579
