10021295
10024683
10037435
10081492
10095152
10213223
10213511
10325505
10327057
10359076
10360832
10383159
10393368
10398280
10404076
10408837
10411108
10418828
10419049
10430100
10471134
10472342
10473107
10493945
10514417
10519379
10519396
10519419
10523680
10533727
10544297
10547195
10547394
10555745
10571211
10586342
10632372
10640274
10647497
10652436
10663641
10674884
10698093
10717908
10739703
10742389
10760290
10765105
10815937
10820158
10821648
10831345
10840280
10861745
10868426
10873362
10890721
10904098
10904872
10912583
10914743
10920928
10928083
10936405
10945604
10945625
10945769
10953350
10965887
11004678
11069767
11081570
11106684
11107144
11115590
11118033
11118051
11127580
11146556
11180134
11193890
11196192
11211147
11212246
11215209
11218886
11226285
11226295
11228532
11234891
11237680
11240257
11245338
11245461
11250604
11250725
11253117
11259469
11297269
11306475
11309347
11309358
11309360
11335786
11340578
11340632
11350824
11350894
11355958
11389071
11391681
11391686
11399950
11400168
11400347
11406552
11407472
11430597
11435075
11448922
11448923
11454674
11454691
11477457
11485933
11506503
11510704
11518642
11547559
11549578
11555607
11559574
11565870
11566439
11585747
11585755
11586265
11592839
11593055
11595711
11595724
11596035
11677118
11687902
11717335
11724310
11731430
11745902
11746268
11747620
11751396
11753658
11776570
11776635
11809704
11830509
11839680
11850720
11868612
11877682
11884500
11888917
11894012
11894120
11894130
11912142
11912146
11923219
11936974
11940336
11942970
11943081
11943406
11943723
11948106
11948130
11948140
11953063
11953124
11953871
11958601
11961134
11962250
11967680
11973639
11980362
11992617
12003610
12006549
12011224
12017278
12036948
12049957
12060643
12063551
12067986
12068190
12073775
12079584
12100626
12121872
12124980
12136427
12154033
12162763
12163395
12168090
12172427
12183427
12183436
12187331
12202528
12203791
12208730
12217758
12229996
12230954
12234993
12235002
12242723
12374693
12374701
12391285
12397082
12400012
12413630
12414622
12416026
12435858
12435859
12437339
12438219
12438271
12445237
12452016
12452018
12454777
12457284
12460888
12467222
12473606
12477251
12477452
12487851
12494864
12499245
12504843
12518324
12520739
12520744
12543792
12548572
12569394
12576458
12591733
12593719
12600288
12611453
12626875
12628285
12632340
12640688
12644980
12649339
12655444
12655785
12670449
12672042
12680225
12682277
12687273
12691608
12694659
12695854
12703987
12712404
12734434
12736760
12746846
12746848
12767076
12774340
12774920
12793894
12795056
12810621
12811549
12821347
12837835
12846415
12858351
12884364
12886520
12891630
12894499
12923636
12925698
12941820
12960194
12963476
14501775
14521420
14528320
14532841
14559828
14559833
14559845
14562030
14583472
7493339
7493364
7531848
7535799
7544697
7548791
7553647
7554079
7557620
7563385
7585143
7585533
7585647
7589738
7600559
7600565
7616277
7632759
7645973
7656725
7664243
7664292
7664496
7670145
7712472
7721606
7731400
7750684
7763003
7805177
7806591
7820953
7856753
7867004
7879005
7880618
7889220
7895542
7902829
7913661
7919735
7947084
7954262
7954349
7959251
7962563
7981544
7995044
8016297
8044804
8054515
8056448
8074459
8075048
8123942
8137285
8168099
8177162
8181860
8204401
8255079
8314332
8523088
8558918
8583578
8589035
8609662
8616853
8622881
8625252
8640559
8665315
8674059
8695226
8724126
8735485
8738601
8738607
8738608
8775830
8780390
8780407
8792622
8796092
8799937
8806095
8818648
8824549
8885259
8899423
8903478
8913837
8918411
8925130
8927242
8941754
8958178
8996584
9051652
9067270
9067961
9085135
9112568
9118747
9139849
9146051
9159146
9164470
9212077
9258814
9272464
9273065
9288321
9303353
9309147
9310495
9330608
9331089
9354442
9367698
9368343
9377901
9393755
9414421
9435434
9436858
9473739
9478272
9484817
9486807
9509123
9516937
9516941
9520091
9520288
9525745
9533544
9551616
9554596
9563882
9584828
9607594
9624528
9650917
9661891
9676838
9703255
9703939
9713502
9713503
9716032
9717828
9726098
9747583
9751633
9772278
9797706
9804044
9806645
9806646
9810004
9815578
9815683
9815854
9815926
9815931
9816097
9816265
9821173
9829750
9829755
9833777
9835860
9844934
9845082
9845766
9848511
9858871
9859827
9862568
9862631
9865906
9891489
9893636
9918202
9923549
9933075
