10216256
10358191
10403317
10436635
10528203
10722603
10759576
10822504
10840836
10874759
10915087
10946295
10952575
10991831
11160354
11167720
11226849
11283078
11361598
11372039
11490941
11591785
11594007
11854260
11900050
12384912
12421460
12421963
12462530
12615627
12814828
1342108
14561701
7564997
7582643
7608555
7672046
7790073
7793893
7844367
7890411
7905306
8144930
8187612
8305787
8312147
8547497
8597280
8659962
8664511
8727906
9086148
9144915
9170827
9195082
9468664
9529070
9564509
9570555
9642473
9713133
9715388
9734578
9925526
