10022863
10036186
10066435
10072396
10074433
10077598
10096067
10097128
10215623
10224093
10228155
10228161
10321728
10322433
10330347
10331953
10339577
10381365
10393175
10395541
10402433
10405324
10409627
10409741
10427097
10444378
10471509
10480941
10497169
10512723
10518500
10531035
10551828
10570937
10571045
10575226
10585767
10632713
10646843
10652143
10655490
10679238
10681496
10694485
10700282
10722681
10733526
10744028
10748158
10751153
10757800
10764808
10777588
10781936
10788441
10801422
10809080
10809664
10828594
10831834
10852476
10856245
10864046
10891491
10898960
10903905
10921873
10944117
10945468
11006336
11038180
11101684
11106661
11113136
11115846
11128568
11137290
11162572
11182770
11226162
11248545
11251078
11260466
11350118
11370871
11387322
11390363
11442830
11486032
11516153
11544257
11551174
11551928
11553328
11565034
11566880
11570823
11585915
11585921
11595174
11676939
11684670
11726501
11734846
11735228
11739783
11742997
11754098
11814058
11820777
11827460
11859412
11884616
11894119
11896578
11918805
11931631
11972332
12010460
12019224
12023018
12057191
12100480
12125812
12139626
12150916
12165731
12186888
12234489
12235124
12354605
12359736
12381732
12391233
12403464
12407186
12432393
12442174
12473344
12499253
12529423
12551952
12553912
12628926
12655141
12657047
12673016
12736201
12773392
12782620
12797865
12820959
12821141
12865498
12887895
12898158
12941694
14517260
14576297
7503932
7513050
7556071
7557402
7613025
7677783
7706287
7724544
7724564
7733932
7743515
7757340
7758584
7828893
7864889
7929556
7952894
7957058
7975899
7987303
7989351
8049468
8074669
8090199
8111380
8205001
8245004
8247000
8307582
8524217
8562422
8683944
8758937
8808280
8893822
8909296
8943317
8955148
8985118
8995409
9045704
9063744
9108274
9129334
9140979
9165118
9207848
9224658
9328476
9338962
9353311
9360998
9398669
9418896
9419338
9435787
9442085
9461217
9472077
9501986
9504912
9504914
9510255
9520259
9529519
9556563
9560390
9568719
9571240
9601014
9601647
9611274
9620657
9620659
9651679
9651685
9660858
9660940
9674425
9682218
9685474
9695848
9710638
9731536
9734781
9740795
9742080
9755158
9765275
9769104
9774674
9774689
9778037
9784495
9784611
9811605
9813058
9817918
9832508
9837928
9843573
9852306
9854018
9857191
9859996
9860302
9869640
9872334
9872415
9874198
9918119
9990853
