10025402
10049764
10196122
10364266
10373312
10392640
10395805
10398417
10407024
10504306
10511453
10512754
10541003
10545100
10571685
10574328
10579591
10592042
10604654
10707984
10707987
10708602
10727281
10734089
10751420
10828453
10831767
10842016
10859313
10861786
10891340
10924661
10928990
10954749
11027356
11031229
11041209
11041284
11066058
11068331
11074007
11134008
11180007
11208087
11210572
11278565
11278839
11297924
11343654
11351135
11359932
11370744
11431472
11440197
11451410
11453651
11466417
11466418
11513847
11516400
11517266
11522668
11563859
11590205
11598194
11640918
11699565
11717359
11747823
11748228
11790131
11795483
11797009
11797010
11809763
11846002
11853534
11865063
11871104
11879192
11884041
12007189
12094583
12163174
12167638
12176990
12189142
12221131
12244319
12296628
12379648
12388783
12426384
12438124
12438138
12446703
12456815
12510060
12527452
12535645
12578829
12596036
12641766
12659814
12871946
12937130
14585997
7477324
7488746
7524063
7532276
7548225
7568899
7615682
7620619
7622481
7626028
7651145
7707875
7720727
7724044
7724654
7753798
7779099
7802677
7806490
7822236
7830899
7838160
7864900
7911226
7914225
7926025
7929154
7945346
7946335
7961732
7989364
8060298
8070588
8093053
8144603
8144706
8157621
8166729
8175882
8187757
8188702
8262955
8288626
8292018
8294464
8294505
8521869
8554624
8575461
8583931
8584109
8605005
8609986
8617225
8630020
8632914
8636067
8636125
8706741
8713460
8720497
8723712
8738414
8738417
8741217
8756657
8769123
8811505
8824407
8841986
8878821
8885988
8886977
8915833
8922678
8943213
8962603
8978748
8988489
8991087
9013335
9013620
9020086
9030515
9030518
9045618
9078389
9084425
9088571
9162972
9163319
9164844
9177787
9194562
9199192
9202307
9224661
9237635
9243509
9245721
9247189
9252190
9252191
9252412
9287351
9300704
9334382
9341137
9344258
9348225
9358288
9363782
9367993
9402469
9413836
9417123
9419350
9425005
9437855
9442106
9450942
9463348
9472720
9480809
9496261
9547223
9588694
9600213
9620758
9620768
9629521
9698324
9699153
9716267
9721737
9733780
9756941
9795234
9808784
9852129
9856469
9870920
9886090
9914469
9915824
9973251
9973599
