10094934
10219055
10347250
10377242
10409666
10413197
10455138
10493731
10509804
10563791
10574929
10631094
10639577
10639739
10650926
10666288
10697270
10836720
10919291
10939517
10947967
10993678
11027631
11028916
11042355
11060304
11097175
11221851
11251076
11389672
11395514
11425890
11524414
11562782
11668475
11742033
11931341
11943713
11960773
11977593
12062907
12084516
12182825
12364573
12369828
12430005
12488345
12529325
12646261
12699694
12949839
7493955
7511706
7528281
7540562
7568280
7590286
7606087
7666952
7738106
7750130
7760848
7764886
7782897
7797530
7798019
7798029
7820069
7872809
7873888
7999037
8006087
8037462
8082869
8144680
8159808
8185317
8187161
8198547
8243281
8246921
8276107
8288234
8294504
8297797
8310814
8530412
8543779
8592153
8619321
8632187
8660675
8663411
8666996
8692995
8700799
8702008
8745223
8794407
8806108
8813724
8822363
8823157
8910496
8939448
8940376
8977427
8985123
9006979
9023299
9030564
9061614
9077576
9099944
9139723
9169429
9211255
9263920
9264322
9270721
9278283
9283080
9308889
9360928
9389490
9389509
9396570
9405058
9405066
9425301
9435496
9441675
9492018
9562574
9603787
9609721
9618561
9629198
9667917
9719496
9722525
9778036
9806894
9809459
9837933
9880081
9915831
9922394
9971741
