10030393
10063990
10078061
10085870
10090167
10090925
10097431
10097885
10192659
10195931
10197285
10207717
10215560
10230703
10323090
10338104
10339462
10366621
10390783
10397694
10410568
10430506
10436099
10456616
10461032
10463820
10468143
10471440
10477778
10482153
10492731
10494787
10519989
10521764
10525492
10527966
10563634
10572079
10573444
10582976
10591380
10593555
10625715
10634550
10637933
10648765
10650849
10650850
10655323
10655544
10666427
10696659
10701810
10702702
10735268
10739378
10766403
10799751
10807758
10828044
10830196
10830197
10835445
10835448
10846860
10861683
10861823
10864060
10867779
10867785
10877158
10877652
10884464
10884465
10894822
10904101
10911969
10924769
10928484
10930988
10941343
10949530
10955124
10961413
10961428
10984073
11001884
11022076
11022077
11037865
11041170
11055796
11062302
11064931
11096142
11113336
11114134
11122697
11138606
11139989
11141572
11145497
11151062
11156651
11166730
11167765
11168509
11176221
11190909
11209532
11222793
11224002
11257253
11271662
11273064
11279932
11283377
11295996
11305729
11323021
11323547
11334615
11336076
11347177
11357859
11367863
11378846
11385207
11389264
11389800
11397354
11406725
11409425
11418460
11434425
11443525
11454010
11471205
11486107
11486902
11509287
11513353
11529632
11553004
11553788
11568917
11593787
11596779
11669347
11692020
11697722
11702218
11718065
11723155
11726323
11739968
11754397
11755948
11774217
11779888
11798899
11803456
11810742
11811864
11823322
11833004
11841441
11843387
11848618
11851058
11870335
11872902
11884656
11907943
11921083
11926892
11953127
11972587
11983287
11988589
11998221
12008938
12019933
12052969
12052975
12067591
12083504
12087994
12107813
12111863
12116231
12122980
12123486
12133811
12140663
12142561
12165282
12180730
12194796
12205106
12226536
12364722
12380673
12382154
12392781
12394840
12439143
12468767
12471642
12473860
12480077
12511746
12517810
12519104
12520697
12522679
12534843
12535745
12536572
12544661
12558712
12574530
12593497
12595762
12619644
12629906
12632020
12637218
12637691
12637697
12644914
12652054
12690212
12692466
12697290
12699865
12712685
12714704
12715012
12736093
12749008
12757241
12760163
12766367
12771861
12782337
12784667
12791946
12824054
12860251
12860263
12861956
12874092
12881819
12887738
12894898
12907815
12917433
12928055
12928685
12929622
12930057
12951205
12957508
14500931
14503010
14517540
14534428
14562779
14572957
14574626
14622095
14647071
7631331
7635303
7654071
7670939
7697197
7703749
7749512
7772071
7773734
7853700
7877648
7891043
7918312
7970208
7987151
8014966
8039724
8056432
8086986
8165691
8172944
8249016
8309625
8313545
8530010
8553401
8578447
8581514
8624107
8685921
8696337
8698336
8701917
8705909
8708297
8711793
8741397
8743896
8774498
8781328
8826994
8830319
8841317
8841324
8842352
8859062
8867586
8929997
8942740
8954954
8954962
8958390
8969786
8977154
8980255
9007313
9017530
9046944
9052712
9057170
9097081
9099529
9102181
9105559
9121689
9148550
9211985
9222170
9222173
9222962
9241273
9251878
9254858
9262053
9269648
9271712
9286760
9290497
9298347
9299960
9300224
9307261
9307578
9327760
9340870
9340872
9346343
9350175
9361294
9366728
9382368
9409270
9412623
9415695
9456169
9457968
9462989
9467014
9471651
9472880
9482249
9489536
9506595
9506596
9511873
9531031
9531184
9531249
9536857
9539312
9539408
9555645
9565840
9568733
9568926
9572989
9609219
9620320
9625662
9660395
9667803
9673804
9690809
9694747
9708966
9716145
9718053
9722025
9731592
9733219
9743236
9759612
9767196
9771753
9776464
9785636
9786612
9798979
9810926
9811928
9822164
9836759
9843168
9853024
9858248
9863710
9876885
9932417
9950259
9974399
