10024330
10024339
10024340
10024341
10067128
10102458
10215283
10330357
10333339
10339462
10341580
10349134
10353295
10365243
10373210
10386272
10389347
10405784
10446938
10488952
10488959
10495944
10553917
10554562
10577996
10601117
10608470
10617767
10642293
10653144
10692668
10696659
10713907
10779083
10779121
10790347
10804594
10821349
10826552
10833794
10835701
10855732
10856279
10865821
10867538
10904006
10912758
10912761
10912763
10930177
10932009
10953993
10960044
10964005
10976390
10979635
10981038
10981039
10981040
10981041
10981042
10981091
10981125
10981126
10981151
11026275
11026341
11026350
11027545
11028420
11028434
11034945
11036914
11040222
11051648
11081774
11082136
11082160
11095156
11115061
11128865
11131264
11139088
11140856
11165203
11167660
11177707
11195056
11208365
11210351
11224002
11233072
11257061
11259340
11259350
11283377
11300149
11307308
11317192
11330874
11333460
11385207
11391980
11450673
11464645
11471547
11509477
11510761
11518842
11531970
11532685
11577832
11687736
11702222
11710784
11745998
11754397
11770079
11798845
11833004
11851058
11882567
11882568
11884274
11891505
11891506
11891507
11926892
11941899
11967250
11984003
11985260
12032592
12046348
12052838
12078048
12108579
12118910
12133529
12135308
12142561
12160384
12165748
12169209
12181638
12194918
12215464
12215468
12215469
12234952
12358148
12358153
12359135
12359968
12361188
12372672
12409946
12409958
12439636
12439737
12444540
12466306
12469902
12511523
12530934
12530935
12559685
12574109
12597535
12624006
12631344
12639805
12640255
12641397
12654703
12675695
12711632
12714704
12715144
12724062
12747893
12797595
12819327
12826450
12848902
12877070
12887738
12887757
12891238
12923386
12923396
12972127
1341800
13677943
14501614
14512515
14514639
14530292
14551242
14556576
14557282
14568997
14576420
14597461
14615492
7478115
7491928
7498877
7501335
7549432
7552410
7567973
7600049
7606649
7622848
7623982
7700002
7700003
7700065
7768551
7812786
7814844
7820539
7842270
7884706
7907320
7912770
7922185
7988084
7995495
8021474
8130121
8141148
8158343
8205456
8205458
8254170
8254174
8297539
8528250
8585274
8613203
8653866
8673114
8743020
8744539
8784123
8794836
8798850
8822230
8830647
8846256
8846502
8847959
8889370
8903606
8922346
8974443
8986904
8997635
9004085
9120667
9120993
9121997
9146982
9146984
9154032
9218179
9263662
9296068
9308600
9314411
9324112
9356201
9394415
9395555
9403547
9410774
9436516
9488207
9488208
9511264
9529626
9531651
9533415
9533613
9535141
9589251
9603528
9607176
9607686
9626985
9649955
9654602
9663918
9674652
9694433
9711445
9715796
9727752
9739044
9740599
9758875
9773599
9774362
9789717
9794739
9797185
9798563
9809197
9822436
9823786
9870454
9877523
9878681
9886871
9931119
