10047661
10098012
10213231
10226053
10228903
10365094
10391562
10398109
10418817
10431691
10431784
10441618
10460754
10473805
10479457
10493519
10527560
10533286
10537319
10573225
10582696
10594535
10600890
10602055
10612759
10632363
10651766
10678620
10687143
10695271
10704706
10706505
10707834
10710536
10722603
10745024
10747310
10754314
10773133
10804658
10815629
10821496
10876189
10892513
10893217
10895813
10900464
10906456
10926545
10934110
10946084
10946811
10995793
11017915
11037975
11039936
11052261
11082511
11101633
11103825
11118477
11118915
11141488
11159009
11159960
11160010
11163095
11185724
11254536
11260320
11267941
11286011
11331968
11349733
11350813
11406550
11435207
11435974
11465094
11521757
11531142
11536165
11551413
11555678
11570910
11588015
11589357
11592106
11748292
11775028
11778901
11797684
11846230
11895496
11906040
11955649
11958661
12000868
12006991
12026164
12055267
12057904
12166565
12193231
12212968
12364858
12367802
12402307
12406387
12419803
12445262
12454517
12490130
12518990
12559014
12600825
12633570
12680202
12699910
12707016
12760968
12871858
12874016
12924525
12935535
12941834
14500371
14510700
14557747
14576474
14647462
1669988
7488433
7490130
7493634
7493638
7508965
7509610
7513186
7515031
7515849
7517145
7518021
7524342
7526704
7531192
7532683
7538831
7545058
7551983
7559912
7560169
7576702
7648403
7715254
7729370
7761413
7766426
7797249
7798681
7820302
7831631
7851650
7856409
7865105
7874032
7907609
7921445
7960127
8042419
8049075
8053491
8058573
8066604
8069598
8069601
8086168
8128405
8138663
8179910
8179911
8194889
8194899
8194901
8204362
8207072
8279016
8290240
8307778
8522310
8525920
8545888
8561576
8564085
8598142
8620656
8630264
8631886
8638739
8645886
8649806
8652182
8654669
8681040
8696723
8703479
8720458
8725284
8770067
8774488
8800726
8810616
8810648
8820787
8833206
8878393
8898278
8910001
8928816
8935925
8967522
8971715
8972486
8993266
9036986
9038899
9049319
9070314
9173970
9274534
9301537
9308725
9308912
9315412
9328151
9334808
9334809
9337534
9357845
9361104
9374718
9376116
9376651
9387964
9409563
9462690
9516914
9520109
9536125
9608639
9615392
9620938
9632739
9639581
9662091
9662460
9688933
9693281
9698117
9717965
9746799
9761749
9761761
9765589
9771847
9797140
9802884
9811715
9815121
9815800
9817170
9829729
9870917
9872650
9877498
9887062
9916921
