10026154
10050655
10077727
10081860
10099982
10200050
10229049
10325907
10330337
10336360
10341008
10343631
10351951
10376575
10377174
10386624
10388465
10388469
10401194
10402399
10406292
10419506
10425081
10430779
10444722
10445602
10451687
10454765
10468554
10470322
10472642
10484398
10497420
10497446
10502518
10503135
10503604
10516113
10517260
10526657
10529791
10555560
10567621
10571949
10576193
10581360
10601093
10605524
10612849
10615060
10626298
10639207
10645285
10649490
10651488
10652351
10653125
10653141
10660517
10668931
10681187
10704083
10738007
10755189
10762539
10764788
10766983
10767489
10773783
10777364
10790220
10793926
10798368
10834512
10836331
10853862
10856487
10869121
10874326
10878096
10898518
10922396
10923036
10923221
10932005
10940786
10950058
10967324
10970448
10975458
10980550
10980579
10980944
10989979
11003889
11005149
11006610
11013869
11014930
11033850
11076060
11095651
11100963
11109423
11110839
11117575
11118444
11119745
11124965
11151920
11168023
11170070
11186891
11197941
11216394
11243954
11270251
11288718
11295849
11303517
11322483
11336127
11340052
11354633
11379874
11380256
11382361
11388756
11395414
11420207
11459421
11466205
11471192
11497236
11503170
11523757
11530706
11569691
11591888
11668613
11680956
11686896
11696313
11706320
11713441
11729110
11729132
11737931
11755047
11756355
11768555
11773581
11774129
11786964
11788089
11788090
11802242
11875262
11875266
11880696
11883371
11883825
11887775
11888281
11897640
11924117
11933191
11938439
11984593
11994102
12007216
12009340
12014388
12070264
12073281
12079272
12080183
12089190
12110684
12116247
12120222
12120234
12124395
12124743
12143267
12151438
12167688
12208510
12359632
12386156
12391889
12413552
12422349
12440519
12461645
12464661
12476034
12479532
12482874
12503104
12521276
12529365
12536461
12554616
12558016
12574065
12601371
12606185
12630722
12634793
12651858
12660625
12661515
12664842
12664848
12731876
12759680
12770858
12779072
12798048
12802335
12820661
12828958
12832418
12837761
12861480
12865275
12874665
12878584
12881448
12937118
12943157
14501614
14526128
14534336
14596935
14598187
14602687
14632577
7472820
7475569
7477025
7482032
7493947
7494406
7504691
7504970
7505092
7505689
7505690
7505692
7505693
7505694
7505767
7505951
7506096
7507247
7508414
7509237
7509310
7509683
7509684
7511336
7512555
7512860
7512981
7512993
7513291
7513292
7513296
7513889
7514227
7515441
7515498
7516232
7516233
7516234
7516305
7516777
7517144
7517265
7517268
7517633
7518409
7518829
7519028
7519167
7520022
7520798
7521765
7521937
7522211
7524915
7525404
7525450
7525963
7526925
7526927
7526929
7526932
7527269
7527370
7528478
7529176
7529319
7529962
7530552
7530553
7532150
7533605
7534040
7534226
7534245
7534748
7535742
7535745
7537147
7537150
7538376
7538377
7539448
7539891
7540128
7540706
7540923
7541511
7541969
7542223
7542288
7542347
7542476
7542778
7543317
7543385
7543567
7544319
7544320
7545672
7545856
7545869
7547351
7550227
7556083
7560099
7568068
7569573
7569574
7573058
7586569
7631418
7655070
7656967
7716818
7733303
7739684
7747883
7752521
7777028
7868128
7896303
7905085
7917764
7923817
7972052
8019280
8081395
8131801
8163293
8249168
8522333
8535440
8539650
8553305
8556303
8557666
8563237
8566553
8589719
8592345
8605891
8617738
8627456
8627844
8630481
8631737
8659542
8662892
8668362
8671256
8680406
8682493
8682497
8698344
8698348
8702904
8707298
8707304
8707306
8713839
8723647
8723695
8734924
8744024
8749384
8763629
8766513
8772462
8777513
8779967
8795981
8796875
8796909
8800923
8803789
8807152
8807827
8818956
8823295
8825494
8825927
8829643
8829644
8829658
8830258
8834261
8838228
8840112
8844211
8859043
8860012
8863168
8864671
8865181
8889582
8890528
8892058
8904244
8906056
8910333
8910473
8933333
8933402
8939685
8947061
8949420
8950580
8956039
8956053
8967457
8973379
8992448
9003508
9009227
9016472
9039981
9043501
9067761
9083763
9084934
9092029
9098486
9101301
9102394
9122242
9147111
9150159
9150843
9154877
9156329
9156736
9162681
9174362
9175873
9180964
9181119
9194805
9196095
9217964
9222597
9239681
9246639
9247473
9254853
9254864
9259194
9261986
9271620
9272157
9272738
9306020
9316420
9334604
9345100
9358019
9359706
9363078
9363079
9363081
9363704
9366560
9374552
9375855
9383031
9401110
9429141
9435322
9439669
9443874
9445824
9449829
9452048
9452054
9482579
9482946
9499426
9501909
9511933
9511934
9521595
9533463
9542966
9547020
9550362
9554753
9559222
9580754
9580755
9588077
9593421
9599649
9599654
9615214
9615215
9616022
9620832
9622036
9628826
9630075
9645146
9649552
9660057
9667877
9671723
9674722
9675514
9675940
9678705
9683582
9689669
9691989
9695373
9705235
9708232
9709387
9716885
9719372
9719631
9725921
9725922
9725928
9731023
9755815
9759548
9759549
9759553
9759778
9759779
9781064
9788722
9797105
9799593
9813087
9817183
9843756
9853928
9856528
9862818
9870926
9915972
9917235
9917439
9922380
