10025893
10063718
10071452
10078922
10086737
10086743
10087940
10089019
10092126
10101207
10189090
10196666
10197598
10197599
10199214
10214354
10214504
10221340
10227392
10233843
10326589
10341705
10344735
10347218
10347557
10347561
10377173
10389925
10397741
10400416
10422627
10436301
10448117
10467413
10469447
10469450
10484974
10484979
10506121
10506933
10516754
10518303
10526539
10556215
10561284
10568569
10570182
10576504
10592317
10595755
10597225
10597312
10602418
10602437
10611307
10616906
10618414
10623711
10629589
10637508
10646885
10666217
10671694
10679917
10700864
10704690
10717473
10731585
10761921
10762651
10773659
10773685
10775524
10777666
10790400
10803463
10810082
10820401
10825008
10837032
10843800
10846829
10851082
10857260
10862037
10865986
10870117
10872473
10872675
10879732
10880481
10887131
10887138
10889047
10900457
10910926
10911394
10913677
10913680
10933697
10935479
10935489
10940650
10944559
10953971
10958934
10979215
10980597
10982189
10997962
11007495
11015571
11021756
11032320
11050004
11050333
11059777
11063792
11069033
11071359
11071361
11071362
11081964
11092830
11105899
11106817
11106827
11130241
11135431
11139518
11165319
11169959
11170285
11170287
11170289
11172903
11173830
11215285
11221853
11223369
11231899
11237064
11290585
11295280
11297767
11314021
11319800
11319801
11339380
11355922
11368362
11369654
11380446
11406658
11431357
11435402
11448942
11464281
11468694
11471038
11477612
11477657
11480910
11496344
11503956
11516102
11520279
11520558
11528107
11528397
11531255
11532631
11536051
11536270
11550280
11550288
11556833
11560122
11566340
11566347
11567234
11579469
11587216
11590891
11607813
11607822
11607823
11607826
11640872
11681408
11694412
11698294
11698686
11704857
11709543
11710897
11715041
11733218
11733348
11735247
11746988
11776383
11778683
11793438
11805048
11810646
11818139
11830496
11836164
11861397
11894928
11919388
11920179
11920205
11920247
11925570
11931607
11943344
11949632
11960347
11978967
11979554
11992486
11996799
12007192
12034528
12048236
12063389
12072207
12096348
12114534
12119214
12124346
12145684
12168092
12169201
12170781
12183429
12185600
12203773
12203776
12206982
12209990
12210333
12223315
12239155
12242297
12353263
12358886
12359763
12368154
12368245
12393557
12397641
12399978
12408337
12414651
12430874
12431258
12436299
12437638
12438735
12446845
12454025
12461745
12482972
12529663
12539049
12581896
12592354
12592397
12596054
12606131
12617866
12618450
12619165
12619166
12634868
12637148
12645652
12649198
12649807
12697993
12699886
12700605
12706107
12719541
12731662
12746393
12752097
12759923
12759932
12764378
12774917
12779008
12800145
12800150
12808681
12836614
12850375
12865925
12874781
12880962
12886255
12902910
12914700
12920072
12946230
12950026
1342969
14506697
14506700
14518398
14580766
14580778
14597160
7475267
7493159
7497440
7497452
7507700
7509622
7509628
7513548
7515665
7520263
7520264
7529552
7533987
7534105
7539283
7541646
7542907
7542909
7549829
7551947
7553577
7553642
7557894
7564520
7569807
7576958
7576959
7576960
7577615
7587063
7596189
7599784
7605907
7621436
7624129
7627928
7630639
7632955
7633403
7656208
7656589
7665185
7670464
7675546
7677144
7697633
7698746
7718884
7719228
7731706
7733622
7735552
7736799
7742547
7753551
7761424
7761425
7774593
7793315
7794763
7795233
7820932
7849311
7858487
7862145
7887445
7898447
7934838
7945157
7949101
7949142
7951320
7967737
7969446
7977360
7987638
7991593
7999983
8016145
8023840
8028192
8030680
8035604
8039423
8041773
8044660
8044771
8045381
8049438
8063612
8078192
8090040
8110421
8111736
8139104
8142618
8142619
8142623
8142653
8146270
8150283
8152272
8152809
8159614
8164678
8167331
8168690
8174075
8180374
8180392
8182595
8187070
8187071
8199017
8203453
8208247
8255095
8258302
8274734
8275471
8275473
8282816
8288244
8290265
8296188
8298125
8301647
8302586
8307570
8309252
8522311
8547143
8547654
8552387
8563753
8564950
8570209
8571670
8571970
8573309
8581297
8585991
8613426
8616794
8616862
8618443
8619404
8625266
8631004
8631023
8632661
8651261
8652839
8653712
8668335
8688330
8695766
8695834
8695862
8697423
8734143
8744274
8757516
8770460
8782825
8789435
8791483
8794383
8808927
8819070
8824722
8826957
8827075
8833149
8834045
8867581
8875239
8875708
8878455
8887655
8889500
8889501
8892743
8904886
8907265
8917664
8938060
8946195
8950669
8950979
8977549
9001243
9002938
9013961
9020845
9021014
9021684
9031109
9039997
9041173
9047392
9058725
9062575
9063739
9070658
9071577
9096691
9100310
9101087
9103213
9121396
9122155
9136994
9140409
9155043
9166830
9172002
9174050
9199301
9209467
9215678
9216715
9216719
9223312
9226151
9238692
9242212
9258663
9264372
9264373
9285687
9290957
9293447
9305591
9305599
9310498
9311734
9331562
9348657
9352793
9354676
9389359
9395262
9402334
9442903
9443053
9446664
9447815
9447825
9455194
9475747
9480784
9490669
9491323
9495195
9514593
9516836
9523197
9529134
9530332
9530337
9532457
9546437
9560199
9570138
9583680
9584092
9584686
9586906
9588803
9588807
9589085
9589854
9592986
9594441
9598309
9600110
9600980
9611180
9611220
9613781
9616163
9618176
9620766
9626207
9643977
9648553
9650384
9650769
9656816
9660061
9660064
9664497
9665194
9666810
9676019
9678698
9679734
9680116
9689932
9691124
9695407
9696044
9704404
9704925
9706659
9707024
9711906
9713996
9716010
9724100
9728595
9730609
9731070
9732263
9737688
9737689
9737690
9737691
9737700
9737701
9737702
9737798
9739014
9740667
9747876
9752316
9754175
9760201
9763573
9763652
9766500
9766510
9766650
9777351
9778512
9790502
9790744
9790776
9794694
9795517
9796700
9797778
9797782
9797787
9800219
9820031
9823299
9824199
9824205
9827925
9842994
9843037
9843048
9844824
9844825
9846971
9846986
9849449
9864379
9865746
9872058
9881706
9892103
9892724
9893279
9920852
9922047
9928473
9928489
9929982
9933140
9934975
9950168
9950192
9950196
9950204
9988267
9989822
9989862
9989879
