10077847
10205900
10207884
10361705
10443438
10476039
10504580
10504583
10517322
10521516
10564481
10625397
10637331
10660073
10712955
10751691
10763415
10779712
10802653
10838584
10861007
10870108
10920201
10952207
10952219
10964563
10964629
11006639
11050333
11129055
11166651
11212920
11212928
11258481
11346800
11370872
11370873
11370875
11381141
11398971
11416868
11418241
11442061
11481482
11483576
11522826
11544527
11562481
11669573
11683259
11729156
11763129
11763242
11814685
11897868
11904379
11908672
11910016
12074540
12082109
12083513
12139012
12153992
12225912
12244327
12355113
12381300
12408960
12413468
12446802
12455903
12460536
12474147
12498772
12519952
12520302
12568327
12568328
12568330
12568331
12568713
12582126
12583999
12620630
12695044
12711676
12808440
12838610
14597195
14612396
7489906
7551037
7592322
7735530
7741722
7765841
7770036
7808388
7813449
7885847
7900415
7953544
7954797
7959038
7969029
8041625
8051704
8058825
8112574
8119588
8127662
8276265
8531886
8566811
8582613
8590564
8595855
8598301
8609625
8609629
8626067
8643651
8660424
8745075
8893547
8973350
9025308
9202385
9321656
9370261
9390559
9393723
9427643
9440267
9447584
9452523
9459424
9461395
9465407
9527929
9532449
9533467
9567197
9572977
9584095
9584107
9595665
9602175
9608048
9609225
9611249
9618510
9620951
9625781
9632817
9636182
9639701
9662473
9664435
9664436
9669326
9674380
9676527
9680963
9680972
9685483
9685713
9700071
9701807
9702193
9711655
9718674
9720870
9721279
9724779
9742696
9743107
9755182
9756793
9759544
9791097
9791188
9819061
9831026
9831034
9835551
9841641
9847408
9879013
9891333
9925607
9974222
9988259
9988275
9990078
