10025723
10066260
10080385
10092678
10094483
10098842
10098845
10099832
10163506
10187854
10195934
10197763
10200482
10200485
10208419
10213453
10217264
10218794
10219080
10227655
10230498
10329710
10336076
10336119
10338177
10340513
10347198
10362297
10362299
10363932
10366617
10377357
10377861
10377936
10380678
10383113
10391480
10391482
10402200
10409634
10426491
10430489
10440874
10446331
10455015
10467523
10471511
10473574
10473636
10480162
10485890
10486571
10493721
10516713
10550414
10553803
10560006
10561650
10579592
10583479
10585422
10585878
10590481
10594731
10606727
10617108
10620499
10625055
10627600
10628752
10629055
10635036
10640420
10650885
10659832
10673030
10676853
10681572
10688641
10689362
10693928
10698182
10698183
10702298
10704998
10706874
10708862
10712794
10713062
10737589
10743100
10748222
10749669
10762707
10764711
10787127
10794857
10803465
10811856
10812966
10815130
10820200
10831605
10845775
10846543
10848576
10870734
10886162
10891480
10896671
10913625
10923105
10933972
10936192
10964504
10969210
10971090
10973592
10975718
10978315
10980697
10984536
10995764
11008178
11021213
11024454
11027214
11038719
11039414
11050124
11062070
11071895
11080216
11096439
11098124
11105678
11105692
11124579
11137145
11148144
11150315
11152283
11154856
11158236
11159935
11169609
11180128
11184202
11205897
11211234
11223915
11223916
11226676
11230364
11238738
11241584
11244088
11251075
11262397
11268353
11283249
11295250
11301122
11306479
11316775
11328595
11331872
11340639
11359788
11359873
11365841
11370242
11382383
11399424
11399425
11399427
11404390
11408601
11416147
11437236
11451944
11453643
11466412
11483256
11483654
11516830
11520933
11529499
11544482
11591132
11692177
11698238
11705990
11710915
11722606
11733514
11733534
11738027
11754081
11818506
11826120
11835310
11858943
11861804
11864571
11877300
11877426
11922865
11927939
11953455
11961082
11969363
11988777
11997322
12019303
12040181
12043846
12064478
12097505
12111826
12114502
12144547
12151545
12154004
12212782
12213679
12214275
12217078
12218049
12237305
12358767
12359212
12379659
12381805
12387449
12388545
12429612
12432761
12433964
12453482
12462067
12468822
12491158
12501685
12502894
12503079
12504805
12508109
12524173
12531426
12578834
12591159
12604596
12634501
12634901
12642622
12657666
12671646
12671996
12671999
12676795
12677003
12687686
12702729
12715005
12716928
12744836
12757748
12791981
12802197
12827969
12832543
12834262
12850058
12852261
12878155
12879965
12882321
12911620
12929130
12930799
12934111
12942761
1365973
14567719
14622091
14647472
7473570
7477932
7484219
7496807
7503726
7506820
7509449
7510697
7515902
7516508
7518293
7519025
7531524
7533913
7535947
7536689
7541035
7543926
7543930
7545283
7545599
7546735
7563239
7563243
7563249
7568877
7570014
7570017
7582095
7592737
7595544
7605062
7609867
7612265
7623812
7624117
7646892
7651610
7652509
7657591
7657647
7664689
7665594
7667285
7669728
7673191
7695907
7700345
7701324
7701600
7705223
7715947
7716180
7721824
7730607
7733891
7735295
7744005
7748313
7758714
7759602
7765317
7773004
7796806
7820588
7821393
7826597
7830881
7852994
7853855
7857779
7861134
7869029
7875312
7886208
7886211
7886221
7886223
7891181
7898306
7902578
7903404
7907091
7909583
7913202
7919537
7935374
7935411
7937773
7938014
7953555
7953556
7963523
7963996
7969907
7972023
7974749
7982082
7984055
7984691
7985011
7985814
7992057
8008211
8021645
8028043
8031855
8035171
8035825
8057389
8058122
8060620
8063958
8063962
8072689
8075814
8080430
8106877
8108130
8117293
8143342
8145823
8155324
8156997
8159989
8170995
8171018
8185289
8194457
8195188
8199351
8205620
8248513
8250670
8256599
8270144
8279145
8282082
8294910
8302158
8307183
8534289
8552402
8566063
8568921
8570407
8574946
8579586
8580709
8583229
8590597
8614797
8614802
8621434
8626395
8626482
8631760
8645286
8649837
8656283
8656293
8662984
8667012
8682872
8698038
8702822
8702878
8702992
8709005
8730773
8730783
8756618
8756728
8770886
8774147
8779308
8782984
8798462
8798778
8808684
8809825
8820351
8833451
8837618
8840085
8846003
8846047
8848168
8866133
8871956
8871957
8878481
8884748
8891336
8892860
8895455
8898327
8902091
8914981
8918832
8928618
8930687
8939459
8954945
8959337
8987776
8987823
8990476
9004273
9004409
9008146
9012803
9034717
9045075
9048737
9054365
9061613
9062684
9069267
9070749
9099908
9108109
9110995
9116683
9117395
9120438
9121681
9143270
9145801
9162985
9162986
9182843
9194045
9195937
9204927
9219271
9232808
9236214
9236230
9256278
9262963
9268379
9282923
9681439
9681467
9681989
9683632
9690739
9698067
9706879
9707403
9710640
9712826
9712850
9715270
9724805
9730914
9731232
9733710
9733758
9733904
9743564
9744944
9748278
9748576
9748608
9751119
9753087
9753156
9753611
9285522
9289850
9291146
9292513
9316034
9324398
9328040
9334309
9348296
9351801
9356508
9361785
9366153
9373161
9379485
9379491
9383205
9390997
9395245
9402220
9406949
9425001
9450679
9450681
9454729
9460744
9460747
9483525
9484773
9487013
9490635
9506991
9508703
9516851
9516854
9517572
9518660
9520479
9523155
9525930
9528766
9530912
9538224
9547236
9548366
9554865
9560161
9565996
9568907
9575789
9589393
9603207
9617484
9634563
9651545
9665586
9668341
9670994
9759757
9759973
9769421
9770362
9771435
9775403
9786865
9789809
9795112
9798911
9798912
9798914
9799732
9811468
9813306
9819147
9822157
9828084
9829969
9843133
9850923
9850936
9856859
9857023
9858356
9867838
9867944
9879656
9880587
9928156
9931350
9932398
9935337
9973529
