10066392
10088046
10094186
10102724
10181509
10190484
10208155
10318931
10331611
10336215
10359469
10374744
10395216
10441325
10483053
10486331
10508992
10523818
10564830
10581036
10665497
10686556
10707480
10737126
10739405
10767316
10780779
10813808
10854107
10954387
10961431
11098287
11113613
11121170
11121190
11202034
11232462
11285245
11285252
11327395
11351798
11380269
11411175
11425003
11462757
11500807
11529270
11657008
11658200
11660293
11660394
11673798
11702062
11712291
11741194
11796154
11805251
11836457
11836624
11839840
11893279
11921744
11936559
11992563
12016588
12031912
12032729
12052903
12067616
12082563
12086707
12111622
12116268
12118255
12142356
12143327
12161821
12213697
12232780
12349868
12361664
12369958
12399137
12451465
12490529
12492266
12522552
12524598
12537864
12606238
12613498
12647258
12660800
12670038
12747351
12772088
12837518
12934961
14593167
14594022
7483933
7527372
7661240
7711739
7726198
7789954
7849707
7938184
7943038
7943039
7943043
7968026
7987310
8060610
8117757
8191581
8298649
8546148
8588586
8649096
8687195
8743986
8826457
8826465
8832771
8833437
8968713
9050933
9118311
9184304
9184305
9184307
9184308
9229037
9288105
9295898
9314494
9332663
9377804
9384552
9409081
9414442
9423350
9450357
9508246
9519634
9529778
9659854
9662406
9718053
9719364
9759739
9803526
9857135
9861003
9915951
