10074458
10094187
10190484
10196284
10199867
10319851
10373522
10400637
10411321
10428774
10436156
10473640
10480933
10517950
10528858
10553090
10564160
10574959
10644430
10704947
10716983
10723128
10753834
10806207
10806218
10811804
10811852
10827000
10856237
10862698
10922375
10934212
10942600
10965042
10976111
10980595
11009450
11049854
11057180
11078556
11108720
11113183
11113199
11160042
11160957
11161835
11180593
11189448
11200472
11237744
11278279
11278584
11279064
11281728
11297520
11339820
11432835
11441012
11477616
11495723
11500490
11543634
11564891
11574531
11579175
11581263
11698596
11744021
11746134
11753643
11782362
11861786
11879570
11896450
11969286
11972328
11981761
11983683
11992250
12014383
12016217
12030896
12045200
12087098
12134064
12149653
12167613
12177059
12207950
12213593
12243347
12362025
12364343
12374740
12393804
12529330
12531549
12540838
12558110
12562765
12562867
12588998
12599187
12620228
12637955
12646581
12697810
12713446
12765942
12773393
12792428
12796492
12805238
12810981
12829720
12832467
12915720
12960271
14560960
14560961
7556949
7568287
7592886
7705100
7813820
7945242
7945252
8001266
8039719
8063749
8141249
8142647
8248197
8264614
8307152
8530392
8617780
8622665
8639570
8662682
8662788
8680477
8688081
8702930
8770036
8910423
8927050
8939914
8955270
8985174
8999875
8999881
9006973
9013568
9037179
9077533
9124559
9218456
9224649
9242188
9242373
9247130
9249059
9261139
9261328
9361191
9395070
9467016
9471728
9528766
9552352
9576923
9614222
9671232
9677418
9687510
9712919
9724639
9733728
9753291
9770464
9774641
9779826
9792676
9792677
9792725
9808472
9832033
9837815
9858555
9886813
9887375
9891076
9915826
9920881
9923073
9933636
