10023006
10023008
10049671
10075695
10082528
10089878
10090728
10097113
10190792
10197582
10198631
10200493
10217402
10229667
10229706
10318769
10330179
10349855
10350331
10354271
10366441
10373464
10376521
10381557
10383381
10400650
10412270
10416606
10447591
10453946
10462033
10467396
10490606
10496023
10496350
10537354
10544235
10557064
10557065
10564530
10567879
10578177
10589765
10597216
10597302
10606283
10627292
10628333
10640420
10646901
10663392
10671672
10675481
10677502
10679027
10679744
10684252
10690601
10713725
10728681
10733571
10738245
10762061
10773818
10777212
10793331
10809232
10811013
10831353
10848600
10859259
10873618
10874473
10880354
10891462
10894153
10918609
10924254
10949026
11007881
11040047
11041112
11042339
11042671
11042675
11050388
11054413
11082288
11129738
11158204
11166569
11175750
11175758
11222086
11231287
11289157
11294384
11305906
11326318
11352500
11368354
11375329
11426648
11437412
11451151
11486001
11494156
11502101
11526448
11546793
11546795
11570099
11587529
11601888
11676832
11689480
11699408
11709185
11712682
11713097
11720445
11728179
11728516
11731240
11738175
11748163
11752215
11774038
11781163
11787814
11790116
11801359
11801595
11801602
11809697
11820596
11821950
11830549
11836425
11841292
11848468
11852115
11856759
11859924
11922903
11929874
11937734
11949842
11960369
11980885
11986224
11988841
11994280
12025227
12056698
12063555
12065845
12067067
12101183
12115603
12120092
12135371
12167422
12168105
12170773
12170775
12172574
12186923
12189556
12197483
12203124
12205043
12209154
12210599
12212614
12223445
12242728
12353944
12374287
12384529
12401491
12417654
12439925
12443885
12450324
12477729
12481420
12481899
12490850
12492117
12518226
12532785
12533044
12540563
12553028
12606589
12614281
12620293
12632069
12632486
12632493
12644466
12654255
12657361
12669453
12691738
12697689
12706880
12714496
12716434
12731064
12767529
12769332
12780347
12791510
12833692
12836337
12842827
12861841
12867423
12868490
12874837
12876069
12878863
12885947
12886234
12894510
12907417
12921534
12931104
12941797
12944463
12959972
12969787
14499614
14511363
14559818
14562367
14566963
14572633
14597423
14598887
14606101
14613034
14634621
14634622
14647471
7607090
7634826
7641210
7650367
7650488
7654319
7702625
7705407
7744846
7757973
7828536
7834748
7847793
7896458
7937747
7992838
8183579
8600029
8611710
8616083
8617294
8617712
8626425
8631771
8668206
8693593
8700802
8760302
8761287
8798452
8798527
8809810
8822793
8825412
8840837
8910675
8915583
8917732
8940371
8950237
8950469
8950997
8959327
8971184
8978381
8980994
8997628
9014815
9029764
9053837
9108419
9109491
9141489
9141616
9163609
9176375
9176392
9204972
9253363
9256008
9279093
9296841
9326359
9346936
9362454
9389536
9395483
9396780
9403728
9414291
9415228
9430630
9435230
9443402
9475763
9480856
9494585
9507882
9519879
9562974
9563008
9576258
9584191
9592822
9597135
9619836
9635829
9649502
9651311
9660918
9664139
9664998
9685174
9699642
9701793
9703886
9703910
9705131
9716401
9716607
9754721
9755641
9765397
9767293
9771973
9792140
9808050
9816182
9829760
9840921
9848102
9851687
9852076
9855633
9881701
9889250
9894249
9934751
