10026784
10048489
10087299
10199551
10207148
10329014
10366627
10375496
10377345
10397769
10403820
10526334
10557072
10557206
10570994
10698639
10748015
10767309
10810093
10848606
10851170
10858820
10861235
10893272
10893277
10908620
10980252
11027553
11029047
11034345
11085873
11103947
11110798
11146101
11150314
11163131
11167013
11213262
11252172
11287347
11336672
11356148
11374900
11387206
11405335
11438655
11460165
11517269
11533026
11580896
11591820
11685578
11738026
11867227
11870211
11882300
11904404
12057191
12062803
12079279
12091307
12122055
12203738
12351186
12351735
12351789
12356904
12356907
12381271
12381307
12399316
12405260
12451134
12482907
12496276
12506000
12542233
12598531
12637543
12642390
12655055
12697302
12789646
12810718
12872001
12878695
12886250
12945878
12952888
12972602
14502073
14534247
14550897
14559183
7559667
7714894
7768895
7929573
7938002
7950328
8107682
8108429
8257796
8288128
8551352
8647436
8661001
8662524
8667025
8707836
8824310
8861903
8878822
8921365
8930131
8973361
8999968
9003414
9074782
9096408
9115293
9126742
9126743
9143507
9143559
9165118
9191111
9221782
9395291
9428764
9442061
9478941
9502737
9538874
9545644
9555025
9598381
9600096
9614171
9652388
9655510
9671752
9685266
9693035
9697857
9728919
9730981
9761287
9782087
9852581
9885243
9895278
9931417
9950216
9971736
