10422232
10552587
10552835
10586648
10589163
10601870
10606568
10606569
10888542
10937183
10956002
11140612
11171958
11208018
11223241
11237835
11248008
11312890
11517686
11561407
11589039
11607190
11731078
11804521
11865437
11890463
11902933
11916738
11968207
11975190
11997466
12099271
12114580
12226498
12425094
12430021
12452638
12477382
12502430
12529522
12537441
12661756
12671070
12677384
12739874
12817492
12822937
12846153
12872482
7574593
7589547
7615543
7632402
7744055
7756274
7765831
7808412
8003471
8026753
8543735
8598556
8598558
8672456
8771792
8824203
8837736
9253141
9307431
9514851
9555724
9655396
9720233
9848495
