10036770
10049385
10049393
10064695
10074075
10099463
10194853
10198027
10318701
10319814
10336867
10336876
10368140
10369683
10388690
10398754
10404163
10410247
10418129
10419641
10473445
10482494
10482531
10483731
10506413
10508629
10540909
10542339
10554771
10557361
10567070
10570960
10572304
10633102
10648163
10653631
10666475
10668131
10671454
10678047
10686149
10696873
10698746
10716932
10731411
10732681
10736164
10742244
10744991
10760150
10778755
10781541
10793671
10802621
10812603
10818747
10818751
10830122
10830124
10830126
10832897
10840740
10884409
10919765
10930067
10933830
10943550
10943552
10986239
11027279
11087684
11090689
11123693
11157933
11217299
11217613
11222029
11222599
11252806
11252809
11270650
11292073
11298285
11299347
11327734
11338350
11338838
11351281
11388795
11395447
11414324
11437609
11457833
11488931
11525996
11536144
11544213
11587567
11606237
11673423
11676598
11678282
11683274
11703666
11738827
11741997
11771381
11775209
11776515
11778230
11790841
11812221
11823179
11831478
11855848
11930895
11954790
11958124
11967080
11983235
11986756
11987753
12029032
12032361
12052092
12071648
12105274
12119099
12135565
12147358
12154143
12171652
12182832
12200410
12207916
12223151
12359094
12379644
12390700
12408989
12433624
12437346
12439931
12491876
12491877
12491884
12545225
12548922
12554950
12567473
12568746
12597880
12630897
12650999
12651014
12651122
12661158
12664266
12674500
12729728
12729732
12729734
12787362
12791146
12860393
12882153
12882570
12883632
12883871
12899826
12930093
14553932
14553937
14562370
14570266
14633208
7536733
7569314
7576536
7588397
7597872
7601282
7635928
7649250
7653151
7665466
7668849
7718813
7729760
7730195
7730333
7732589
7732752
7747959
7748932
7758680
7758732
7764362
7764562
7764776
7765531
7765697
7766012
7766090
7780019
7791625
7795210
7806370
7832808
7833029
7842952
7892244
7896085
7932722
7934993
7945268
7971955
7982996
8017943
8020474
8022259
8041262
8041263
8045257
8054841
8113175
8136035
8181758
8195050
8248028
8554672
8572280
8603736
8652120
8659906
8659927
8694780
8791757
8825769
8825770
8840785
8850997
8879154
8898389
8919809
8920187
8921845
8929274
8939623
8951046
8965818
8982074
8985148
9023378
9028034
9056486
9073353
9100349
9104039
9144175
9148754
9190075
9198275
9206336
9274047
9288903
9330272
9330273
9330311
9331761
9361418
9382734
9383157
9393453
9454061
9485593
9487153
9490786
9501457
9504047
9504408
9511738
9526640
9630895
9631520
9636316
9644594
9664322
9664536
9683473
9704652
9711568
9711662
9720204
9721314
9723716
9747801
9751796
9766007
9852946
9931301
9951698
