10066453
10081001
10081002
10194562
10211543
10215040
10228596
10356882
10649777
10677801
10831279
11002264
11023903
11088559
11159443
11249635
11257031
11301019
11321159
11327800
11327801
11473808
11536285
11575795
11593359
11605015
11750982
11772607
11833774
11835671
11907835
12011227
12099377
12100989
12112645
12140740
12147133
12147134
12147137
12175426
12188187
12189529
12194203
12215892
12378637
12483315
12565999
12625756
12625758
12625759
12648161
12907953
12915125
12941161
14583405
7659501
7756542
7772375
7866872
7873174
8020717
8049351
8058638
8061622
8158003
8764686
9163720
9336174
9482256
9560396
9563509
9663336
9714890
9724707
