10214699
10223346
10357205
10364618
10391862
10410966
10477893
10648858
10681042
10681047
10753056
10857085
10915085
10915844
10952411
11116524
11225032
11281270
11289229
11324462
11350307
11359822
11394692
11694296
11694307
11724543
11787268
11831753
12088882
12171730
12455776
12472180
12472184
12816926
7493338
7502491
7503987
7505010
7506859
7524899
7544710
7550681
7581699
7586979
7602098
7648333
7655191
7730720
7734933
7771806
7832717
7883865
7918747
7940738
8004816
8029939
8123699
8154875
8195591
8207265
8255252
8308276
8522357
8551036
8595822
8605345
8607123
8623279
8640561
8678056
8717102
8717209
8770640
8803967
8817879
8886835
9236910
9259833
9261967
9544818
9615613
9627061
9664368
9671150
9678242
9692860
9792505
9873994
9874260
