10075735
10075891
10093935
10319848
10372368
10372377
10372380
10372386
10465765
10471736
10498903
10499801
10515209
10519118
10541550
10574969
10579938
10591994
10594348
10619601
10654939
10669725
10679327
10801889
10841543
10888617
10931841
10956666
10962580
10973947
10982332
10997781
11006266
11033083
11094072
11106744
11113195
11158302
11179222
11230169
11238381
11253058
11266125
11267833
11279041
11309512
11313463
11355342
11385626
11399075
11420718
11473119
11511539
11517328
11562464
11564866
11571307
11574687
11583633
11604407
11673469
11680700
11682627
11689684
11713309
11726209
11746507
11751634
11752617
11756653
11799066
11809796
11813249
11842291
11844796
11865062
11867748
11884609
11940647
11981037
12000849
12004059
12004060
12006616
12032298
12052885
12054902
12054903
12054904
12055182
12127990
12149244
12153140
12167706
12167709
12198165
12198550
12213815
12244572
12351676
12364596
12409468
12415115
12417704
12417732
12424244
12426319
12446763
12490152
12490953
12500542
12509425
12522000
12527906
12533679
12562764
12581157
12600448
12606119
12618455
12619716
12620799
12624958
12626549
12627232
12629508
12695333
12727200
12740381
12740577
12766778
12789273
12799440
12805369
12819204
12821939
12857954
12887906
12887907
12890680
12897158
12923186
14521963
14581449
14647463
7504954
7568143
7903220
7935476
8034988
8257695
8626478
8858134
8886973
8886984
8902805
8993033
8993035
9099751
9169194
9230703
9312024
9358188
9417927
9461459
9601011
9642275
9733749
9740716
