10070933
10379580
10712953
10748532
10773095
10922410
10963655
10965925
10967323
10997270
11035779
11074587
11092429
11099255
11120686
11125075
11145419
11160997
11161795
11194809
11196312
11256580
11258200
11262969
11301132
11326315
11339905
11350645
11351043
11382363
11382364
11389458
11389480
11395427
11395428
11395437
11395438
11406594
11410663
11465732
11470890
11470909
11473022
11473024
11481466
11532215
11535808
11544205
11571077
11590109
11595791
11690545
11700594
11710894
11726920
11747616
11747617
11763996
11774350
11790248
11790258
11796825
11806820
11808684
11808746
11836210
11836235
11842121
11842437
11847073
11848410
11848411
11860205
11867081
11887399
11911655
11911795
11928474
11931570
11934740
11936594
11967953
11983060
11991861
12016055
12036978
12045294
12047952
12049663
12050071
12050078
12060692
12074161
12074162
12074166
12075027
12095422
12117794
12119387
12146717
12151303
12175304
12176829
12176840
12177516
12184807
12184811
12204446
12216114
12217912
12225577
12225587
12241077
12323100
12354330
12363385
12384606
12398201
12407684
12413148
12424114
12424116
12424128
12425984
12429061
12443997
12454643
12454644
12490443
12490445
12490448
12499293
12499294
12499446
12517075
12537560
12538238
12538239
12538240
12538256
12581345
12582263
12618382
12620398
12635903
12651712
12651726
12651728
12655024
12659637
12669979
12671006
12671682
12676053
12681935
12691981
12699880
12707371
12711697
12727840
12729387
12761058
12761059
12771224
12795415
12799473
12803655
12804087
12804089
12808153
12819026
12823867
12824346
12824347
12824348
12831325
12854135
12874958
12888502
12902543
12904167
12906732
12925512
12925520
12930545
12950995
12962547
12967349
14579528
8628675
