10021404
10051610
10074454
10087618
10087619
10100328
10194758
10318894
10320929
10322354
10323214
10352017
10356354
10363156
10376152
10383317
10393928
10433685
10436009
10440271
10449727
10471275
10488064
10527728
10531012
10551879
10565274
10572187
10574702
10602293
10610805
10618443
10636893
10675906
10700148
10720198
10725388
10744861
10766243
10769751
10788329
10806067
10884187
10899006
10907068
10946305
10959841
10969025
10997273
11034901
11044975
11058080
11071889
11075339
11075348
11084343
11117532
11135358
11135370
11146650
11152673
11169855
11175733
11208065
11212912
11219603
11219605
11278693
11279203
11294900
11309802
11316609
11319558
11328852
11381093
11389456
11389468
11397085
11401727
11403576
11403577
11406630
11432641
11479572
11489638
11498013
11500853
11516318
11533667
11554716
11558993
11566809
11580897
11698413
11709065
11719555
11721053
11722768
11739654
11744747
11750093
11752449
11752595
11785758
11818572
11854471
11854533
11856376
11875431
11883955
11891115
11893485
11904411
11950889
11972777
11983170
11988471
11997447
11999694
12006650
12107074
12114548
12117758
12136748
12136775
12141663
12189514
12192056
12207688
12217648
12217649
12217653
12231471
12297500
12353253
12377570
12387838
12388761
12415118
12415310
12417022
12417320
12419336
12431837
12438689
12461557
12462561
12463362
12469133
12496124
12496132
12502886
12502890
12511612
12516859
12516860
12529406
12543068
12543072
12543076
12552528
12584242
12615908
12622156
12670235
12670932
12677058
12684500
12829241
12876766
12897146
12924628
12932327
12932836
12933681
14517204
14562845
14562846
7925653
7951048
8042410
8132718
8304408
8534917
8673465
8707050
8858161
8913641
8994824
9175625
9245791
9346876
9352931
9368766
9484447
9526658
9591694
9661195
9705973
9731708
9768671
9770483
9891388
