10075454
10088637
10205272
10210316
10232749
10373536
10383195
10397750
10468606
10472548
10515453
10526221
10551855
10567393
10572087
10614136
10627128
10627482
10627486
10652215
10762542
10807541
10830019
10845936
10862090
10915769
10936049
10936108
10951504
10961856
10994546
11001585
11050007
11063725
11110674
11110692
11157805
11167740
11239453
11239454
11297559
11316592
11452456
11520787
11524917
11530803
11673408
11719385
11726938
11750104
11939257
12001267
12042798
12042829
12086603
12093742
12117768
12210728
12239151
12239156
12351379
12354784
12389351
12393398
12432219
12435850
12444097
12447395
12483114
12507559
12637330
12649160
12692539
12748186
12766948
12827451
12861027
12874027
12887909
12893777
12893780
12973351
14499622
14517836
7513813
9176520
9372117
9389754
9443045
9529641
9590114
9789045
9806548
9838922
