10029323
10084106
10203025
10204701
10224010
10328533
10344733
10419204
10440566
10441202
10457842
10464643
10488202
10505677
10510675
10544916
10574095
10592313
10599890
10606668
10620568
10649496
10652179
10652180
10702518
10713370
10742226
10747142
10748880
10769752
10769755
10775843
10790127
10799272
10799809
10877778
10878035
10958640
10960459
10966386
10966425
10966441
10970396
10970729
10975282
11008016
11010869
11040876
11041238
11055900
11055964
11056792
11060054
11060066
11097930
11136780
11170498
11177407
11230167
11246221
11252479
11292325
11311341
11324819
11352593
11352596
11376036
11377710
11380673
11383154
11427576
11464506
11465544
11506907
11524161
11543882
11563512
11571173
11574569
11680723
11682539
11682540
11708318
11716118
11724836
11724978
11733068
11735297
11743687
11763353
11773092
11777824
11816705
11846426
11849335
11851381
11857532
11873502
11880427
11962616
11972525
12000842
12007439
12020797
12022389
12067384
12083398
12089242
12100592
12117251
12137778
12139261
12141572
12144770
12176143
12211279
12218656
12223296
12374402
12375101
12379331
12392529
12401234
12445938
12454166
12456288
12490145
12495014
12505626
12505627
12543545
12571032
12574302
12625508
12628593
12631194
12654486
12657208
12703305
12784851
12808718
12809803
12843017
12843077
12958287
14551896
14599308
7487008
7580930
7602133
7646043
8836201
8908519
8940425
9056198
9086824
9105933
9149812
9157148
9160329
9166227
9187765
9351211
9399509
9458116
9503586
9599592
9627489
9650962
9665466
9666006
9676381
9694320
9726887
9836710
9854084
9863050
9864036
9889212
