10050890
10079068
10090891
10191898
10221164
10322723
10360778
10371520
10412591
10443888
10472732
10483920
10486922
10506086
10519879
10519881
10521590
10526198
10581230
10581485
10588836
10665501
10686529
10759872
10780058
10787305
10790216
10792029
10850107
10851377
10871544
10871915
10889050
10891990
10896268
10930132
10931212
10932276
10936643
10936691
10939584
10953183
10963373
10987652
11006611
11048397
11087738
11120925
11193143
11214938
11220690
11240560
11258721
11259483
11368906
11404459
11435590
11458182
11506406
11546838
11556078
11568919
11571272
11574147
11584448
11641722
11677782
11678348
11679089
11684342
11704923
11709001
11714097
11716303
11756597
11783039
11797207
11839833
11840201
11842265
11845393
11865460
12034503
12058449
12064254
12109876
12205650
12222676
12236956
12271119
12404739
12416392
12420099
12464332
12466498
12466801
12481985
12514748
12518540
12578942
12580378
12623063
12637756
12655107
12660573
12662318
12664293
12677444
12679564
12690204
12733424
12763028
12773797
12774113
12815603
12849238
12914801
12923312
14507340
14522861
14522863
14526061
14573822
1669719
7595652
7598484
7767490
7774117
7777379
7783876
7812458
7812461
7815814
7856030
7903647
7909834
7912367
7913753
7913754
7913756
7913765
7922109
7927332
7936296
7953896
7954833
7987275
7991124
7999318
7999319
8041803
8137126
8137132
8154865
8270114
8594839
8618678
8644754
8657630
8682199
8698234
8707291
8750875
8797471
8797472
8841969
8863351
8865151
8909447
8922485
8937783
9016962
9099814
9101476
9103903
9128415
9160741
9222181
9239743
9263413
9279329
9292865
9462739
9469232
9629853
9638817
9653185
9667781
9669700
9681800
9682448
9694270
9694662
9710033
9769654
9786248
9789072
9797009
9811348
9813003
9818868
9864731
