10021369
10051640
10071236
10074927
10077062
10090594
10096563
10183351
10192393
10193934
10201372
10205190
10205208
10213492
10223208
10226605
10318916
10332831
10339655
10343885
10347231
10359135
10359544
10362808
10370594
10392898
10398435
10416591
10485458
10490837
10494086
10498885
10502323
10507776
10508699
10523691
10523845
10526234
10544223
10545697
10545699
10547075
10598803
10630180
10668214
10694935
10699167
10700176
10709671
10713886
10717531
10720759
10722668
10737725
10737795
10749138
10755401
10756345
10766173
10783313
10783317
10784639
10805953
10837025
10851078
10854222
10870965
10874009
10882859
10910042
10920985
10921028
10924409
10936679
10951570
10951583
10953028
10969779
10980707
11008233
11016626
11016642
11040191
11060332
11062151
11072519
11076880
11099951
11135372
11157977
11166179
11211307
11212250
11217438
11221825
11221869
11226285
11237529
11244511
11245490
11247895
11257105
11263856
11279192
11283619
11317365
11339660
11350874
11389074
11431334
11454737
11469677
11506490
11521200
11522655
11535846
11551102
11552476
11559543
11559569
11585828
11592095
11606402
11668620
11676549
11687966
11707154
11731419
11751382
11786778
11821507
11839722
11867715
11876551
11931531
11933206
11972058
11978510
11982260
11986304
11987643
11988767
12000364
12007223
12010888
12036944
12049812
12057910
12059991
12060718
12068273
12093899
12096341
12098745
12145848
12148579
12172928
12174376
12210035
12210511
12353948
12370429
12372335
12387883
12394442
12414619
12421723
12438216
12438280
12458338
12510461
12527714
12581900
12584179
12585356
12598901
12606575
12629511
12647217
12655564
12663519
12710680
12728797
12731412
12740349
12761718
12774245
12782759
12810642
12810952
12822869
12894596
12907606
12941845
12970888
13130079
1364464
14555707
14574009
14578176
7487082
7524601
7546616
7559732
7563143
7571988
7585508
7586174
7598472
7606712
7669739
7675542
7708772
7737606
7743497
7747022
7753564
7753829
7783562
7796392
7806582
7833149
7833931
7833936
7840521
7866403
7882361
7887918
7903889
7906810
7923190
7927902
7927905
7949587
7954428
7970729
7977449
7987441
7994644
8012980
8033082
8033083
8071957
8074838
8090754
8109990
8111410
8118461
8125478
8132740
8134731
8162022
8162051
8187091
8194700
8242607
8247073
8247079
8248216
8252630
8259518
8259519
8276387
8288078
8289454
8522331
8532859
8537055
8538035
8566954
8576285
8593545
8594558
8607008
8608492
8616874
8625064
8625067
8629105
8638126
8655134
8674041
8686208
8690195
8698812
8707116
8718526
8727369
8755583
8776001
8799152
8834176
8835324
8851769
8903598
8910893
8920656
8931709
8945508
8956794
8977766
8990193
9012588
9015311
9060821
9060832
9061293
9062998
9065401
9065402
9083931
9092316
9096341
9119305
9135000
9140167
9156280
9196022
9203511
9207294
9220497
9235686
9242220
9276697
9286476
9288102
9296069
9297236
9298819
9311916
9352838
9382065
9387290
9388195
9399850
9407954
9411670
9428907
9433483
9438104
9445111
9450492
9452119
9476377
9482574
9515784
9515794
9536987
9566701
9576568
9580364
9585611
9595262
9603437
9649126
9654054
9660607
9684289
9705533
9706142
9724749
9724771
9724789
9731892
9751604
9771477
9772395
9793501
9824350
9843214
9865728
9869602
9869603
9869620
9919881
9927046
9950360
9951419
9973276
