10026153
10207053
10229198
10401676
10427145
10430101
10435587
10438568
10459850
10669726
10674396
10676665
10720068
10766344
10791772
10851068
10919668
10950308
10985759
11005099
11102895
11149601
11212254
11245436
11376126
11384880
11453542
11500939
11507082
11559546
11577168
11694888
11788654
11828267
11885994
11988840
12019176
12031683
12105987
12188907
12193537
12360481
12374697
12379772
12414625
12438247
12447687
12489029
12543777
12566306
12641820
12746329
12767520
12888657
12890810
12937141
12941837
14520693
14534541
7529048
7624149
7664648
7743492
8145772
8286193
8595162
8607861
8626706
8665514
8692980
8710868
8833657
9056422
9205064
9311601
9342439
9394418
9413807
9515800
9516080
9545345
9699666
9766646
9815544
9815941
9850076
