10022033
10026381
10027417
10027549
10027555
10066860
10071711
10071712
10076900
10079115
10079962
10088051
10089003
10190327
10192209
10194255
10207721
10208564
10212558
10213152
10231806
10320795
10322238
10325447
10329743
10338292
10349334
10352866
10362893
10364640
10364641
10366621
10367700
10369830
10372566
10381540
10399868
10400250
10401448
10402500
10403716
10408574
10420066
10431657
10436064
10448801
10483785
10487844
10488446
10502286
10507547
10525981
10528114
10534156
10534164
10559556
10559559
10563653
10570509
10582625
10601411
10604440
10604441
10609670
10611368
10624576
10626834
10637934
10638195
10643890
10656299
10668702
10668703
10671320
10679292
10682216
10694577
10705163
10713392
10738542
10744589
10772123
10775535
10775884
10785619
10797593
10801051
10806314
10815129
10816430
10818499
10818505
10818507
10818510
10818513
10840275
10852539
10854569
10854768
10860300
10867209
10867214
10867779
10867785
10873585
10880397
10885540
10899434
10910416
10910426
10912224
10934557
10935434
10936877
10936880
10936881
10936884
10936886
10939571
10940674
10944562
10947802
10952022
10961427
10980578
10998553
11005255
11015454
11017931
11032626
11060007
11070505
11071064
11076057
11095526
11099722
11113217
11122949
11125748
11157409
11161595
11166730
11172628
11173875
11173876
11173882
11182472
11193807
11193808
11212354
11216203
11240021
11248079
11273064
11281316
11285089
11299424
11302074
11305015
11305869
11312553
11315514
11325345
11327877
11336076
11338204
11343837
11354629
11378846
11416775
11421127
11425005
11425936
11444802
11445269
11447826
11447827
11447828
11470958
11476599
11487050
11493026
11501342
11513353
11516561
11531831
11535112
11553277
11558492
11589913
11591456
11596149
11673588
11673590
11676291
11683989
11684904
11701639
11702052
11715112
11715411
11723294
11743951
11755000
11755017
11769724
11770221
11774713
11774719
11775232
11790235
11804704
11816786
11816788
11835377
11840304
11844476
11860878
11889238
11893834
11898555
11920850
11930145
11936239
11936240
11950276
11980062
12007670
12015813
12053131
12067484
12067591
12095653
12105308
12111863
12116196
12123862
12135350
12145452
12160362
12167762
12169205
12192621
12205106
12214015
12226532
12226533
12226534
12232782
12355988
12379263
12384789
12392781
12393935
12399018
12411763
12413003
12419536
12451108
12471457
12475089
12486146
12490540
12495082
12507910
12507914
12533085
12536572
12552038
12556576
12559836
12566177
12580698
12582468
12584430
12609489
12614323
12614344
12618306
12629906
12657895
12658281
12676346
12714797
12755040
12787320
12788204
12806589
12809979
12811635
12856536
12864777
12873803
12928512
12928915
12930057
12935416
12946703
12951193
12957508
12962909
14501016
14501024
7473659
7478253
7481373
7485228
7486872
7532337
7534068
7540552
7550352
7566000
7574468
7579137
7582040
7585009
7595656
7603172
7611715
7615568
7617191
7619017
7619525
7639323
7644022
7646655
7654070
7654074
7664194
7668835
7670501
7672107
7675243
7676127
7695621
7696597
7696609
7700274
7700444
7710373
7713402
7715296
7724603
7728146
7729825
7738980
7740560
7746463
7751846
7755355
7761390
7763336
7765750
7770005
7773573
7783869
7810590
7814023
7815043
7816154
7818244
7818703
7821387
7823376
7824157
7841371
7847069
7847867
7849527
7853720
7884953
7891871
7891887
7891889
7910910
7914580
7920638
7922348
7936253
7937774
7944299
7944308
7951679
7964823
7968026
7969418
7969426
7970208
7970234
7972031
7977635
7992850
8014966
8024269
8035940
8039724
8040342
8042921
8044413
8047277
8047278
8050887
8058160
8069300
8070517
8075630
8075646
8076181
8082773
8083685
8086986
8089103
8123007
8128315
8128960
8128961
8154882
8158809
8161573
8171342
8172944
8183036
8185566
8203459
8273205
8290946
8309587
8309588
8313935
8525796
8527231
8530010
8544551
8544899
8546162
8554056
8557181
8559364
8572669
8596269
8596645
8614504
8618881
8619535
8624076
8624078
8624079
8624080
8624095
8624096
8624097
8624098
8624107
8631862
8632166
8644717
8644745
8648331
8651641
8652146
8669075
8669492
8679539
8682647
8692753
8702415
8725748
8726148
8726460
8731381
8740984
8741132
8741397
8751868
8756999
8757051
8761956
8773610
8774959
8782820
8786396
8786409
8786847
8791246
8797010
8803820
8804040
8804993
8813351
8815160
8820179
8823200
8825894
8825898
8826994
8829725
8830309
8830319
8832646
8833436
8841664
8841967
8843827
8843828
8846238
8848271
8848934
8854306
8858183
8859062
8867021
8867586
8872415
8875468
8878109
8890772
8890929
8891070
8899655
8905608
8912482
8937829
8938267
8940032
8940294
8947284
8961669
8971103
8983040
8987775
8993478
8993479
8993481
8993489
9003062
9003488
9008509
9012418
9017530
9017975
9018389
9030704
9040748
9041854
9048987
9052714
9058415
9066363
9067471
9070638
9073026
9074395
9083560
9086466
9098525
9100668
9102150
9113034
9129722
9129962
9130294
9137113
9143266
9147408
9147873
9153523
9153535
9153643
9175590
9181358
9184634
9211985
9213859
9218507
9221969
9221977
9222170
9224643
9225693
9258912
9265639
9280167
9280168
9285479
9290497
9292886
9295092
9298817
9300650
9302273
9305342
9307253
9307262
9307578
9316155
9325076
9327086
9328480
9329686
9329691
9329722
9339270
9340870
9341576
9343467
9369084
9369317
9370233
9382479
9386771
9411578
9424665
9425904
9436725
9454617
9460714
9467014
9470130
9470136
9471175
9482248
9482249
9482681
9484359
9486746
9486747
9494696
9506546
9508150
9514597
9520001
9520006
9520135
9521254
9523562
9529753
9539408
9546293
9547165
9547235
9547474
9562467
9572586
9572591
9577654
9583189
9591838
9596222
9596412
9597090
9605496
9619150
9619639
9626772
9627181
9628766
9635475
9647302
9647321
9658938
9665654
9669695
9672379
9674791
9678311
9678319
9682830
9697689
9700208
9700658
9701675
9701681
9704150
9705582
9708864
9708953
9718052
9721442
9728943
9733229
9736756
9743577
9751196
9754236
9756330
9772023
9791536
9811931
9831633
9831992
9831993
9831994
9831995
9834545
9844031
9852204
9855862
9862642
9863603
9875528
9876967
9877525
9880043
9886074
9920359
9920995
9929677
9990558
