10022231
10024877
10069473
10073672
10082560
10098454
10098457
10214911
10214919
10214920
10322176
10359689
10370368
10486199
10486588
10486589
10486590
10554559
10557315
10586691
10665528
10688856
10735851
10783327
10863531
10878595
10887297
10913087
10920274
10924862
10963717
10982789
11004503
11020327
11020328
11034101
11084372
11087375
11162245
11186001
11191278
11238178
11304497
11305870
11327322
11356178
11387222
11400380
11405881
11436303
11436318
11436320
11447995
11454870
11503440
11535925
11554305
11563486
11579558
11746753
11892789
11895862
11943468
11948257
11978482
12013846
12055083
12058277
12086678
12115731
12189182
12244119
12468454
12483509
12695674
12730957
12746474
12773695
12819227
12867423
12919962
12919963
14515458
14562375
14576322
14580789
14599767
14599768
14600440
14612404
7553931
7583159
7923197
8137308
8137309
8628669
8640811
8643678
8657653
8734295
8948932
8968057
9056893
9172131
9188618
9190902
9256505
9285700
9325246
9421531
9466693
9469838
9600342
9630671
9862435
