10064333
10199592
10548311
10564681
10667460
10755383
10779639
10862521
10868690
10963624
11045791
11056682
11169956
11291049
11303592
11408954
11585745
11700265
11731429
11773866
11792413
11810042
11872636
11921190
11934439
11943609
11956092
12150456
12175533
12183419
12296511
12430181
12508556
12542972
12552971
12556960
12570745
12611461
12727801
12860276
12873994
12888106
14504191
14504203
14562023
7627950
7720493
7836799
8068041
8944071
9180857
9209662
9232338
9407957
9426059
9539246
9679567
9726005
9815734
9825836
9888479
