10036998
10082974
10332871
10337000
10373649
10374442
10378785
10391900
10399167
10400630
10403689
10403901
10418173
10424391
10428867
10430079
10452942
10481784
10523705
10530775
10552965
10579913
10602478
10611312
10618642
10620396
10623877
10629490
10631462
10631718
10632374
10667580
10677933
10698688
10719723
10733773
10743228
10754438
10792783
10794547
10799505
10837140
10872665
10914829
10920922
10921026
10923484
10928103
10952986
10955997
10982018
10999750
11007453
11015036
11042679
11054576
11058869
11063804
11080791
11082283
11103961
11121025
11121795
11139339
11152623
11155673
11156382
11179491
11189167
11189305
11198046
11222361
11223826
11223831
11265374
11268486
11274357
11277919
11289754
11302744
11331321
11337376
11343655
11387948
11389062
11404150
11439361
11480034
11480035
11568585
11604983
11687967
11715521
11724361
11726210
11741981
11744991
11768308
11768310
11768311
11768314
11768315
11783092
11793995
11793996
11848537
11861219
11891645
11955409
11960382
11996241
11998956
12014221
12051871
12094967
12135660
12145286
12200143
12234027
12375020
12383506
12405283
12490715
12512918
12529678
12569635
12576866
12601555
12624546
12628186
12669312
12678475
12688533
12693889
12701682
12801264
12820395
12859952
12870281
12874011
12926065
12972261
7479028
7488060
7496599
7497458
7510345
7513249
7515452
7530600
7542225
7554087
7576301
7576968
7576999
7587891
7593131
7599787
7612661
7614395
7617649
7658474
7669582
7698225
7702594
7728768
7736397
7737424
7742387
7745027
7774480
7776445
7780979
7783219
7784082
7794272
7805557
7808792
7819128
7829217
7863493
7866901
7896455
7907945
7919963
7928630
7931840
7947079
7977749
7981081
7981087
7990158
8026874
8030752
8034053
8038216
8047138
8058309
8080727
8084595
8132589
8135777
8168032
8195929
8199988
8204954
8245015
8270257
8283076
8293386
8302587
8519661
8521452
8529641
8549951
8569178
8572601
8579610
8593205
8615665
8618340
8620461
8621239
8626464
8628015
8635091
8636741
8637723
8640802
8641619
8645210
8679442
8697510
8697991
8732053
8732091
8738395
8738406
8747457
8774640
8806452
8806830
8810265
8822806
8843913
8855975
8858107
8859190
8864922
8867780
8892585
8895979
8896423
8900377
8904247
8924224
8925129
8936113
8955129
8956779
8959337
8971556
8978595
9000516
9022121
9036878
9038158
9042324
9053292
9053293
9057038
9066703
9080143
9085150
9094461
9095670
9099850
9143023
9152521
9167178
9179263
9188732
9194030
9195562
9196297
9219795
9256424
9264569
9291431
9297629
9307185
9307712
9335458
9368387
9387026
9387143
9394845
9397200
9413204
9443089
9480811
9490665
9496785
9506119
9513729
9538128
9538187
9563444
9563780
9564293
9568175
9569056
9570150
9570214
9593706
9594287
9605747
9615742
9615786
9616278
9618047
9625858
9642340
9654996
9658316
9661889
9663428
9663430
9664906
9711037
9743288
9772433
9772466
9798412
9824622
9831363
9833692
9854145
9874452
9878823
9891471
9891483
9924799
9925751
9949298
