10094397
10094407
10094411
10393181
10443459
10453997
10465536
10491318
10525165
10588049
10588050
10683252
10706406
10824859
10994779
11059001
11110603
11118639
11250904
11279180
11285283
11440169
11593402
11710515
11741579
11820643
11861906
11913974
12067653
12207917
12379220
12511551
12518314
12548626
12554857
12849977
12957375
7503542
7592868
7630412
7662360
7742363
7764271
7802867
7854253
7863007
7896000
7917325
7976044
8035796
8588489
8806611
8862185
8914268
9299532
9360707
9427841
9552408
9738462
9843429
9918513
