10022301
10023000
10023442
10027687
10029073
10029406
10037186
10049778
10063313
10065147
10065149
10081609
10086392
10096970
10101801
10189888
10190872
10193519
10195885
10199827
10200333
10200449
10200458
10200459
10200513
10203277
10224887
10226602
10327065
10334192
10340750
10354018
10354067
10360645
10360788
10362261
10378792
10383145
10400708
10403534
10403664
10404639
10410876
10426396
10435590
10435642
10438581
10441517
10449408
10454440
10462539
10467417
10479688
10484066
10498894
10506718
10512520
10514416
10521394
10544026
10548481
10549828
10550840
10557106
10572598
10574967
10594026
10600527
10602522
10618704
10623880
10629550
10632361
10637429
10656680
10656795
10660095
10660538
10672270
10672901
10682669
10692111
10692252
10694747
10697590
10698490
10702639
10711445
10714765
10718547
10726978
10728678
10728718
10732786
10733530
10734238
10741285
10741379
10741712
10745269
10767629
10769676
10773824
10778859
10782880
10786798
10802655
10811983
10821866
10822369
10828889
10845425
10845664
10849552
10861120
10870973
10873390
10889512
10911910
10918445
10918596
10922372
10933063
10935482
10940651
10953306
10956404
10965130
10973264
10974634
10974636
10988287
11007953
11013229
11013253
11020858
11024475
11027272
11032029
11034215
11035191
11044365
11054421
11069295
11081199
11095245
11125034
11156366
11163756
11212879
11238892
11263374
11281652
11296482
11313720
11313974
11313989
11313999
11384107
11399766
11423969
11423996
11429213
11447765
11448132
11458984
11494111
11495702
11496714
11498783
11526513
11532341
11561726
11591730
11602342
11641774
11668476
11703379
11707411
11709054
11721349
11744990
11747320
11751853
11774736
11779719
11780924
11790556
11790986
11793474
11795482
11820739
11827957
11834713
11844595
11850803
11867759
11870542
11884368
11893247
11932899
11940651
11949842
11967210
12037686
12050146
12062426
12082025
12086044
12086844
12135983
12182322
12203124
12242659
12370809
12397361
12420228
12440809
12450786
12450789
12462448
12598906
12632085
12667439
12667443
12673118
12694389
12719722
12823209
12890671
12934108
12947385
12952892
14586398
14612402
7548837
7551342
7553620
7554031
7566960
7575496
7576102
7600571
7606818
7614713
7623844
7624152
7644500
7657168
7657708
7696367
7731676
7784074
8134344
8137820
8170954
8183575
8183579
8301315
8521383
8524262
8616864
8631304
8741682
8742032
8756675
8758936
8788030
8880867
8887548
8917731
9001225
9067734
9190890
9205051
9209380
9230885
9351639
9365531
9380404
9389577
9395239
9406811
9408609
9422058
9485488
9488246
9493957
9499436
9567617
9575138
9584145
9625811
9639719
9664074
9671594
9679979
9681825
9751619
9754449
9765154
9769943
9769944
9769945
9787107
9823903
9889415
