10064815
10072027
10196584
10338288
10369475
10371465
10514831
10536021
10601472
10677277
10718911
10762309
10774734
10869845
11050117
11067972
11102470
11125035
11369028
11465598
11549712
11553685
12059965
12081656
12115687
12193186
12358754
12367619
12415111
12548707
12562906
12582069
12661937
12761279
12818177
12925001
7472344
7494864
7535398
7536844
7542462
7562607
7568165
7754689
7757408
7775967
7820683
7898776
7907132
7910202
7931577
7964997
7991629
8035237
8274277
8532848
8730588
8801474
8822545
8846076
8871228
8890453
8917576
8930365
8974333
9108119
9161988
9242288
9547222
9744963
9769665
9844003
9862934
9927703
