10029060
10047775
10048308
10070969
10084310
10188079
10197592
10200169
10200950
10214919
10214920
10220428
10328528
10332046
10359545
10380935
10381953
10390527
10427507
10443426
10486589
10486590
10496010
10498399
10517972
10529736
10536158
10611334
10620112
10621832
10656986
10667598
10709351
10725660
10736632
10738113
10749126
10753184
10753787
10767621
10767626
10779341
10779360
10783327
10812330
10838143
10850428
10859352
10878595
10891549
10910954
10913087
10974409
10991953
11004503
11037299
11058877
11059748
11059760
11070098
11078762
11087892
11104904
11138422
11150019
11182545
11187013
11187147
11219768
11223406
11238179
11238917
11257106
11280790
11285194
11289118
11304692
11309329
11323179
11329531
11338401
11375896
11376686
11376695
11387222
11410325
11465542
11535925
11586036
11684448
11684454
11695546
11713576
11782372
11815397
11872635
11880544
11888904
11890225
11895854
11897551
11900249
11905724
11933116
11966728
11971958
12055083
12082027
12110276
12124811
12169271
12170774
12195423
12198712
12377979
12389024
12396616
12399122
12418414
12426125
12441637
12470990
12509227
12509255
12559331
12566294
12619107
12692111
12746474
12749816
12750264
12821280
12844488
12865926
12915808
12917198
14521217
7497645
7597299
7799936
7942760
8016216
8127648
8128217
8137308
8275084
8615613
8687116
8783574
8805281
8990152
9056893
9095000
9103402
9137418
9415314
9485007
9553721
9637247
9827364
9861196
