10214911
10320570
10350454
10353811
10400579
10454618
10463184
10471731
10497264
10498741
10506150
10515930
10521694
10526218
10526410
10569924
10671447
10684930
10722679
10766873
10771522
10773083
10775435
10810743
10812335
10852864
10858279
10900127
10908318
10919642
10940054
10954587
10955998
10957964
10976725
10986244
11056290
11092888
11095667
11101292
11121482
11139626
11160897
11254131
11318601
11328881
11328882
11329883
11410677
11433026
11443095
11535925
11554297
11554310
11554314
11591657
11683277
11788726
11801590
11805113
11818965
11864576
11892789
11900536
11948257
11960995
11964390
12056405
12057762
12079537
12081496
12124995
12149642
12441341
12445642
12454055
12472901
12501213
12531387
12534293
12628248
12658805
12663988
12667065
12766151
12799430
12867475
12911318
12917422
14618256
7559523
7739614
7823963
8078471
8244947
8676878
8682794
8692213
8798653
8841490
8855952
8988002
9207108
9214650
9223306
9287157
9572864
9730810
9737967
9753736
9778350
9801309
9801319
9846876
9973620
