10029099
10196373
10217265
10222105
10222786
10354600
10397764
10410676
10434298
10434302
10434304
10488448
10537061
10589536
10655548
10698681
10699173
10716661
10779703
10804212
10829080
10941183
10958656
10961047
10966117
10970063
11007884
11013077
11030759
11172033
11291528
11319238
11406606
11408619
11442349
11517213
11532992
11553930
11642542
11675509
11698589
11733534
11738471
11739372
11789098
11839795
11932021
11943195
12062094
12089530
12135980
12191472
12200414
12217951
12223539
12528814
12531510
12589027
12700167
12711212
12747895
12881722
12890790
12955844
12969257
12969272
13679594
14511117
14521962
14557250
8875248
8937828
9285789
9599014
9682010
9778247
9806905
9887328
9920660
9949199
9952397
