10021368
10064544
10067756
10190481
10199967
10199970
10217145
10225999
10226001
10331973
10349094
10354479
10357934
10364424
10373304
10395791
10411502
10419691
10441331
10473037
10475061
10477294
10498679
10500184
10504535
10512189
10518503
10524628
10527664
10532715
10545029
10556296
10564872
10574760
10579908
10594002
10634584
10653132
10693670
10694427
10704389
10704875
10710230
10725236
10751178
10751185
10753513
10762164
10769242
10771469
10786690
10799401
10804186
10821773
10822271
10835429
10838143
10842302
10845115
10845565
10868476
10899793
10906459
10923031
10952887
11017081
11040081
11044404
11130177
11151042
11169843
11171399
11172440
11257109
11290296
11336495
11359461
11428131
11440720
11449781
11460262
11471162
11471164
11476582
11479728
11485934
11493554
11493558
11517919
11523056
11532396
11532916
11562786
11566855
11573822
11598956
11684660
11693794
11718263
11731484
11758785
11776392
11857543
11903345
11919111
11941477
11965540
11990452
12030989
12068298
12072433
12115313
12142354
12167401
12175361
12198547
12200154
12215652
12384550
12412019
12435361
12435627
12438220
12444557
12455636
12455637
12490559
12499255
12503095
12533514
12533516
12547712
12548748
12567406
12569124
12573433
12584240
12587915
12588855
12588889
12606279
12618131
12618132
12620982
12632369
12635140
12644739
12648495
12668635
12686701
12692399
12709790
12727446
12729563
12772530
12782757
12786818
12795421
12797454
12808456
12837627
12843251
12876657
12925203
12925694
12947339
12971894
14520413
14521217
14566027
14568546
14603322
7579523
7580140
7583153
7584992
7588051
7588061
7600991
7601313
7628698
7630736
7635045
7655081
7821639
7885472
7950321
8001146
8001152
8080426
8530865
8548816
8575323
8579575
8619804
8620849
8625833
8647801
8674416
8674421
8684485
8787757
8790332
8792606
8812120
8837770
8875075
8896571
8896572
8903350
8906419
8946241
8948590
8971339
8989473
9004232
9006072
9006074
9007235
9007245
9012506
9106162
9115210
9119087
9152009
9205942
9212109
9224671
9233770
9233805
9236238
9254845
9256452
9262482
9268579
9302262
9303533
9334285
9334287
9362471
9374397
9375918
9409670
9422511
9438426
9450876
9508065
9545534
9555580
9581815
9598380
9630065
9636069
9636085
9636662
9655803
9675051
9680314
9728329
9731531
9731532
9733569
9753672
9755453
9767138
9768360
9811591
9824555
9847242
9882493
9917850
