10025714
10025789
10037473
10037474
10037477
10050959
10069390
10075646
10076867
10087083
10090481
10097174
10098859
10193509
10200054
10206639
10206644
10206645
10208579
10215996
10229234
10230703
10231806
10327206
10329743
10337065
10340748
10341227
10349334
10359821
10360683
10361981
10366748
10369524
10369872
10381410
10383647
10386952
10400232
10401002
10404513
10408806
10430510
10439444
10441572
10446803
10447269
10448055
10463234
10467268
10468510
10473269
10479411
10481190
10482954
10485570
10488446
10495106
10500259
10507458
10509383
10525535
10526115
10527805
10528300
10528301
10533070
10534576
10542139
10545183
10548420
10549825
10557208
10559555
10573013
10574364
10581340
10581373
10582585
10587643
10607841
10620705
10624576
10643802
10644793
10652302
10652730
10653281
10653282
10653283
10654096
10655540
10658639
10662508
10662826
10670705
10671322
10672594
10674495
10677567
10681074
10682216
10705645
10716660
10748144
10754226
10764737
10768621
10775535
10783238
10783295
10791913
10800930
10811821
10811883
10816583
10821758
10822162
10840274
10850703
10854108
10864326
10867173
10874324
10879068
10896268
10899427
10915801
10923058
10934557
10936878
10951459
10959033
10976645
10997338
10998555
10998924
11020224
11027672
11030797
11071766
11084029
11094121
11099448
11102478
11110974
11114265
11119687
11124426
11126202
11146649
11157069
11161700
11165779
11166800
11193144
11226248
11252897
11262239
11266019
11274343
11300728
11311782
11358522
11378241
11379823
11389157
11395394
11395757
11405810
11406330
11447832
11447843
11464463
11489281
11493036
11494322
11524469
11551913
11552366
11557046
11561050
11568920
11574534
11578614
11589913
11599221
11683989
11684347
11695101
11701593
11706935
11710891
11746362
11755019
11757955
11764087
11770221
11774719
11775232
11785012
11786218
11796781
11816786
11823322
11836371
11851296
11851430
11895366
11898556
11899259
11906199
11920851
11927360
11959461
11961985
11973454
11978814
11980062
12025813
12037434
12042135
12048239
12052526
12053127
12061869
12064358
12079399
12111359
12111439
12112163
12145638
12147673
12192622
12213305
12223532
12230301
12230303
12235837
12297048
12388777
12390529
12391599
12410385
12413003
12423249
12428809
12428810
12429067
12429746
12433263
12435726
12451676
12453676
12460542
12484344
12491772
12493737
12531515
12552037
12573544
12582468
12609057
12615638
12629906
12665676
12686406
12728194
12732196
12742741
12752408
12755040
12788204
12810495
12811988
12817569
12856536
12876550
12885573
13678670
14533778
14552909
14623725
7504834
7550356
7582040
8161573
8574969
8596269
8609782
8627338
8634712
8669467
8684135
8684137
8705854
8733303
8733749
8741394
8742474
8766720
8787186
8809275
8820402
8837617
8858181
8875251
8878479
8881379
8895894
8904759
8905716
8910898
8931704
8938131
8945747
8947284
8986735
8986743
8990952
9007097
9007311
9052708
9052714
9073509
9086357
9106355
9109915
9111746
9117540
9118312
9121723
9121726
9129725
9144240
9151738
9154244
9172170
9173929
9180219
9181359
9185685
9189035
9189043
9189920
9196071
9197277
9218645
9223053
9223097
9223340
9224802
9225691
9225696
9250173
9270069
9278388
9292884
9298817
9300655
9307578
9316155
9340870
9344855
9347932
9347936
9354339
9368568
9375682
9384549
9384602
9414118
9427340
9427614
9436726
9440120
9443865
9450754
9452052
9485068
9502232
9507958
9514597
9521418
9521423
9535737
9539132
9539133
9540849
9546792
9562460
9562461
9562463
9576554
9577654
9595861
9605727
9614221
9619639
9622000
9632318
9639678
9643011
9652956
9680315
9683324
9683997
9700654
9712537
9719376
9720481
9728730
9737546
9746908
9749296
9749607
9754238
9771743
9781063
9790190
9791532
9792621
9804121
9809462
9816912
9822738
9831473
9833068
9834545
9851443
9859951
9877525
9878795
9920359
9920995
9923762
9930863
