p1,p3,p5,p10,p100,ndcg1,ndcg3,ndcg5,ndcg10,ndcg100,ap1,ap3,ap5,ap10,ap100,ap_full,num_rel,
1.0,1.0,1.0,0.9,0.39,1.0,1.0,1.0,0.9363792118010483,0.5949009732453406,0.0126582278481,0.0379746835443,0.0632911392405,0.113924050633,0.423262667821,0.46615989897,79,
1.0,0.333333333333,0.4,0.5,0.56,1.0,0.46927872602275644,0.4703652827859579,0.5135081645717171,0.5725151950491971,0.00990099009901,0.00990099009901,0.0138613861386,0.0281628162816,0.346142493876,0.504942940329,101,
1.0,1.0,1.0,1.0,0.75,1.0,1.0,1.0,1.0,0.7863131329700316,0.00552486187845,0.0165745856354,0.0276243093923,0.0552486187845,0.346893933633,0.62083540444,180,
0.0,0.0,0.0,0.0,0.13,0.0,0.0,0.0,0.0,0.2811284274509186,0.0,0.0,0.0,0.0,0.0712431539725,0.117841090489,30,
1.0,1.0,1.0,1.0,0.21,1.0,1.0,1.0,1.0,0.8624795501824534,0.0416666666667,0.125,0.208333333333,0.416666666667,0.681614229908,0.691623121331,24,
1.0,1.0,1.0,1.0,0.34,1.0,1.0,1.0,1.0,0.4690943472280303,0.0106382978723,0.031914893617,0.0531914893617,0.106382978723,0.278740514446,0.305930405368,94,
1.0,1.0,1.0,1.0,0.82,1.0,1.0,1.0,1.0,0.8599815712251712,0.00869565217391,0.0260869565217,0.0434782608696,0.0869565217391,0.674948837306,0.871555546649,115,
0.0,0.0,0.2,0.2,0.13,0.0,0.0,0.13120507751234178,0.1487639058405727,0.13874448410985757,0.0,0.0,0.00124223602484,0.00248447204969,0.0180886728802,0.0700139468205,161,
1.0,0.666666666667,0.6,0.4,0.7,1.0,0.7039180890341347,0.6548086577531307,0.4885468020156227,0.6986033834588804,0.00869565217391,0.0144927536232,0.0210144927536,0.0244927536232,0.4488897317,0.612869295946,115,
1.0,0.666666666667,0.4,0.2,0.03,1.0,0.7039180890341347,0.5855700749881525,0.5855700749881525,0.6944638360563847,0.25,0.416666666667,0.416666666667,0.416666666667,0.484848484848,0.491098484848,4,
1.0,1.0,0.8,0.9,0.83,1.0,1.0,0.8539316501572937,0.9052116356304493,0.8534797238769821,0.00900900900901,0.027027027027,0.0342342342342,0.0734627484627,0.682083128647,0.859379270539,111,
1.0,1.0,1.0,1.0,0.73,1.0,1.0,1.0,1.0,0.7791860064237673,0.00390625,0.01171875,0.01953125,0.0390625,0.250131131395,0.623394461938,256,
1.0,0.666666666667,0.8,0.7,0.17,1.0,0.7039180890341347,0.7860137352654724,0.7280855459907165,0.684093414818717,0.0416666666667,0.0694444444444,0.134027777778,0.236871693122,0.385654132515,0.398589963071,23,
1.0,0.666666666667,0.4,0.2,0.07,1.0,0.7653606369886217,0.5531464700081437,0.3589542101716347,0.39102865651928687,0.047619047619,0.0952380952381,0.0952380952381,0.0952380952381,0.162441336627,0.169675549582,21,
1.0,0.666666666667,0.4,0.2,0.07,1.0,0.7039180890341347,0.5087403079104241,0.33013764944712026,0.12836171800423485,0.0111111111111,0.0185185185185,0.0185185185185,0.0185185185185,0.0244249923371,0.0750618363225,86,
0.0,0.333333333333,0.6,0.7,0.49,0.0,0.23463936301137822,0.4468535299918563,0.5774250016294136,0.4847125041754146,0.0,0.00226757369615,0.00975056689342,0.0295378468848,0.171537495808,0.329605209406,144,
1.0,0.666666666667,0.4,0.2,0.03,1.0,0.7653606369886217,0.7653606369886217,0.7653606369886217,0.8691016115970043,0.333333333333,0.666666666667,0.666666666667,0.666666666667,0.712121212121,0.712121212121,3,
0.0,0.333333333333,0.2,0.1,0.01,0.0,0.6309297535714575,0.6309297535714575,0.6309297535714575,0.6309297535714575,0.0,0.5,0.5,0.5,0.5,0.5,1,
0.0,0.333333333333,0.2,0.1,0.01,0.0,0.5,0.5,0.5,0.5,0.0,0.333333333333,0.333333333333,0.333333333333,0.333333333333,0.333333333333,1,
1.0,1.0,0.8,0.9,0.66,1.0,1.0,0.8687949224876582,0.914856882358379,0.7115413507099206,0.00862068965517,0.0258620689655,0.0344827586207,0.0720203886152,0.462929852958,0.657713968611,115,
1.0,1.0,1.0,0.8,0.46,1.0,1.0,1.0,0.8553475075669357,0.6340575408973161,0.0125,0.0375,0.0625,0.0941517857143,0.422109200534,0.558949429198,80,
1.0,0.666666666667,0.4,0.5,0.51,1.0,0.7039180890341347,0.5087403079104241,0.533376583199821,0.5029092092972925,0.0047619047619,0.00793650793651,0.00793650793651,0.0144746787604,0.115401816999,0.33797246759,210,
1.0,1.0,1.0,1.0,0.85,1.0,1.0,1.0,1.0,0.8768849558405796,0.00632911392405,0.0189873417722,0.0316455696203,0.0632911392405,0.497225202438,0.774038845865,158,
1.0,1.0,1.0,0.9,0.24,1.0,1.0,1.0,0.9363792118010483,0.9361257280736152,0.0384615384615,0.115384615385,0.192307692308,0.346153846154,0.870641289318,0.879292348404,26,
1.0,0.333333333333,0.4,0.2,0.17,1.0,0.46927872602275644,0.48522855511632257,0.31488013066763093,0.44228786406627446,0.03125,0.03125,0.046875,0.046875,0.147530087741,0.177678706993,32,
1.0,1.0,1.0,1.0,0.34,1.0,1.0,1.0,1.0,0.7800969619874584,0.0212765957447,0.063829787234,0.106382978723,0.212765957447,0.626167624137,0.650370522226,47,
1.0,0.333333333333,0.6,0.8,0.2,1.0,0.46927872602275644,0.6164336326286644,0.7510916729774053,0.6597192251353476,0.0344827586207,0.0344827586207,0.0724137931034,0.200301039956,0.410232221073,0.438188409243,29,
0.0,0.333333333333,0.4,0.5,0.11,0.0,0.2960819109658652,0.36005461457723403,0.44510108735750953,0.6411480462747116,0.0,0.0384615384615,0.0769230769231,0.192307692308,0.40251611134,0.415736814521,13,
1.0,1.0,1.0,1.0,0.4,1.0,1.0,1.0,1.0,0.9356572659194675,0.0232558139535,0.0697674418605,0.116279069767,0.232558139535,0.851013360673,0.860006246032,43,
1.0,0.666666666667,0.8,0.7,0.22,1.0,0.7653606369886217,0.830419897363192,0.7600791051976192,0.3223204662922053,0.00606060606061,0.0121212121212,0.0215151515152,0.0370634920635,0.0923396999606,0.128444693754,165,
1.0,1.0,1.0,1.0,0.75,1.0,1.0,1.0,1.0,0.7956203918011523,0.00724637681159,0.0217391304348,0.036231884058,0.0724637681159,0.48190471662,0.608163854872,138,
1.0,1.0,1.0,1.0,0.95,1.0,1.0,1.0,1.0,0.9541548868897501,0.00201612903226,0.00604838709677,0.0100806451613,0.0201612903226,0.183074993006,0.646577710172,496,
1.0,1.0,1.0,1.0,0.61,1.0,1.0,1.0,1.0,0.9603492448627047,0.015625,0.046875,0.078125,0.15625,0.917185293984,0.923565428467,64,
1.0,0.666666666667,0.4,0.4,0.27,1.0,0.7653606369886217,0.5531464700081437,0.494639655562801,0.7068784224670329,0.0322580645161,0.0645161290323,0.0645161290323,0.0909498207885,0.352648789594,0.37941423715,31,
1.0,0.666666666667,0.4,0.6,0.43,1.0,0.7039180890341347,0.5087403079104241,0.6175852859163219,0.45437190571044905,0.00369003690037,0.00615006150062,0.00615006150062,0.0148699701283,0.0765767001655,0.33602961428,266,
1.0,1.0,0.8,0.9,0.9,1.0,1.0,0.8539316501572937,0.9052116356304493,0.9022782381299941,0.00393700787402,0.011811023622,0.0149606299213,0.0321037995251,0.321204143875,0.639347757546,254,
1.0,1.0,1.0,1.0,0.69,1.0,1.0,1.0,1.0,0.7663783906615861,0.00671140939597,0.0201342281879,0.0335570469799,0.0671140939597,0.453495818585,0.708770870604,149,
1.0,1.0,1.0,1.0,0.81,1.0,1.0,1.0,1.0,0.8465379957998108,0.00236406619385,0.00709219858156,0.0118203309693,0.0236406619385,0.175186958361,0.612571755948,423,
1.0,1.0,1.0,1.0,0.9,1.0,1.0,1.0,1.0,0.9218098165315143,0.00315457413249,0.00946372239748,0.0157728706625,0.0315457413249,0.274104600975,0.737777009074,317,
1.0,1.0,1.0,1.0,0.94,1.0,1.0,1.0,1.0,0.9530766896219772,0.00361010830325,0.0108303249097,0.0180505415162,0.0361010830325,0.332455590999,0.842126016691,277,
1.0,1.0,1.0,0.9,0.96,1.0,1.0,1.0,0.9216017310213247,0.9576493747030277,0.00171821305842,0.00515463917526,0.0085910652921,0.0146409480172,0.156961537471,0.867432175579,568,
1.0,0.666666666667,0.6,0.7,0.87,1.0,0.7653606369886217,0.6992148198508501,0.7411902110103873,0.8601163084414793,0.00143472022956,0.00286944045911,0.00394548063128,0.00811869463232,0.106689667609,0.58780501521,656,
1.0,1.0,1.0,1.0,0.76,1.0,1.0,1.0,1.0,0.7851047200022662,0.00512820512821,0.0153846153846,0.025641025641,0.0512820512821,0.310362508101,0.484108463013,194,
1.0,1.0,1.0,1.0,0.94,1.0,1.0,1.0,1.0,0.9391708844085482,0.00154083204931,0.00462249614792,0.00770416024653,0.0154083204931,0.133587314666,0.774243244453,646,
1.0,1.0,1.0,1.0,0.74,1.0,1.0,1.0,1.0,0.7976116575052677,0.00641025641026,0.0192307692308,0.0320512820513,0.0641025641026,0.443410746253,0.621007875565,154,
1.0,1.0,1.0,1.0,0.43,1.0,1.0,1.0,1.0,0.5229323670781403,0.00507614213198,0.0152284263959,0.0253807106599,0.0507614213198,0.164851094111,0.225231641874,156,
1.0,1.0,1.0,0.9,0.72,1.0,1.0,1.0,0.9266360779006401,0.7539894706884992,0.0027397260274,0.00821917808219,0.013698630137,0.0237366818874,0.158038897712,0.555019073884,365,
1.0,0.666666666667,0.4,0.3,0.12,1.0,0.7653606369886217,0.5531464700081437,0.43735247915031,0.17889276383886732,0.00645161290323,0.0129032258065,0.0129032258065,0.0161290322581,0.0283256671189,0.0553978090697,146,
1.0,0.333333333333,0.6,0.7,0.54,1.0,0.46927872602275644,0.6164336326286644,0.6777277508780454,0.7304228618855345,0.013698630137,0.013698630137,0.0287671232877,0.0651826484018,0.542595171213,0.617382434342,73,
1.0,1.0,1.0,1.0,0.97,1.0,1.0,1.0,1.0,0.9781401352868621,0.00331125827815,0.00993377483444,0.0165562913907,0.0331125827815,0.32057867791,0.815050880024,302,
0.88,0.773333333333,0.74,0.72,0.4986,0.88,0.8070887657555255,0.7868242091515972,0.7740385920168633,0.6897470686154357,0.0221909431429,0.0634062922481,0.0778753897981,0.11286630563,0.356554896774,0.533388925835,162,