1 -0.5687018036842346
1 1.860152244567871
1 0.6901707649230957
6 0.3233858048915863
6 -0.6548547148704529
6 0.6234821081161499
6 -2.1975934505462646
6 -1.3549565076828003
6 -2.5213818550109863
6 -1.5421613454818726
8 0.2708064019680023
8 0.2708064019680023
8 -1.2202666997909546
10 -2.725247859954834
10 0.12905699014663696
10 -1.584909200668335
11 -3.1068739891052246
11 -1.8511714935302734
12 -1.0014749765396118
12 -1.9597159624099731
12 -2.9791948795318604
12 -1.8913640975952148
14 -0.6617385149002075
14 -1.9412598609924316
17 -0.2899046242237091
21 0.369568794965744
21 -0.003612964414060116
21 -0.3019283711910248
21 0.33925876021385193
21 0.024794913828372955
21 1.1156320571899414
22 0.22415314614772797
22 1.2535028457641602
22 -0.7665352821350098
24 -3.223625898361206
24 -1.700982689857483
25 -0.7642850875854492
25 -0.7642850875854492
25 -2.1826369762420654
25 -2.1826369762420654
25 -3.2484850883483887
25 -3.2484850883483887
31 0.5421556234359741
31 -0.21460722386837006
31 -0.7100635766983032
31 -0.08617126941680908
31 -0.08617126941680908
31 -0.08617126941680908
31 -0.08617126941680908
31 -1.597014307975769
31 -1.597014307975769
31 -1.597014307975769
31 -1.597014307975769
33 -3.3322513103485107
33 -3.3322513103485107
33 -3.3322513103485107
36 0.204478457570076
36 -0.2594468891620636
37 -2.0469589233398438
37 -2.8622429370880127
37 -1.0025219917297363
38 1.872658610343933
38 1.872658610343933
38 1.872658610343933
38 0.8273386359214783
38 0.8273386359214783
38 0.8273386359214783
38 -0.11646993458271027
38 -0.11646993458271027
38 -0.11646993458271027
39 -0.1878817230463028
39 0.029290512204170227
41 0.32049041986465454
41 0.10826320946216583
44 -0.9219067692756653
44 -0.6969857215881348
44 -0.24897895753383636
46 0.21835657954216003
46 0.15777844190597534
47 0.45670264959335327
47 -0.0202907994389534
