1.0,1.0		1
0,0		1
0,0		1
0,0		1
0,0		1
1.0,1.0		1
0,0		1
0.8205228949141826,0.7542686714597936		1
0,0		1
1.0,1.0		1
0,0.0		1
1.0,1.0		1
0,0		1
0.23463936301137822,0.07839826897867533		1
0,0		1
0,0		1
0.0,0.0		1
0,0		1
0,0		1
0,0		1
1.0,1.0		1
0.38363315291837646,0.30523488393970116		1
0,0		1
1.0,1.0		1
1.0,1.0		1
0,0		1
0,0		1
0,0		1
0,0		1
0,0		1
0.9216017310213247,0.9363792118010483		0
0,0		1
1.0,1.0		1
0,0		1
0,0		1
0.6410457898283652,0.6410457898283652		1
1.0,1.0		1
0.9052116356304493,0.9052116356304493		1
0.933745776545611,0.6618313225363274		1
0,0		1
0.933745776545611,0.933745776545611		1
0,0		1
0,0		1
1.0,1.0		1
0,0		1
1.0,1.0		1
0.3827160388385181,0.46785915648013904		0
0,0		1
0,0		1
0,0		1
0.34313724318507627,0.33367949434400224		1
