1 0.1443016678094864
1 0.3948811888694763
1 0.920979380607605
1 -2.9144980907440186
1 0.3769703507423401
1 -1.4054241180419922
1 0.8683339357376099
1 -0.04673774540424347
2 0.513426661491394
2 -0.9473406076431274
2 -1.0156832933425903
2 1.417646050453186
2 0.21132917702198029
2 -0.3684775233268738
3 -1.0037254095077515
3 -0.39325666427612305
3 0.1547212451696396
3 -0.7738736867904663
3 -1.6532930135726929
3 0.5977445244789124
4 -0.2648624777793884
4 -0.6453596949577332
4 -0.30749285221099854
4 -0.7892923355102539
4 -1.2357536554336548
5 -0.722011148929596
5 -3.3717241287231445
6 -3.68587327003479
6 0.8446393609046936
6 0.3256623148918152
6 0.3109195828437805
6 0.3065580725669861
6 0.6116178035736084
6 0.6420572996139526
7 1.6036714315414429
7 0.6021454930305481
7 0.10899616777896881
7 -4.8877973556518555
7 -3.6197195053100586
7 -1.8133518695831299
8 -2.993258476257324
8 -1.7594263553619385
8 -2.225090503692627
8 -2.245818614959717
8 -3.329777240753174
8 -4.5276570320129395
8 -1.0348891019821167
9 -0.022711314260959625
9 0.4063330292701721
9 0.413877010345459
9 0.5938783884048462
10 0.4132865071296692
10 0.42090171575546265
10 0.3323588967323303
10 1.5505949258804321
11 -1.2296077013015747
11 -2.4110031127929688
11 0.364288330078125
11 -0.9925864934921265
12 -0.22289155423641205
12 -4.081172943115234
12 1.0101943016052246
12 0.7689263820648193
12 0.6513336300849915
12 0.36859095096588135
12 -0.4928897023200989
12 -0.5590704679489136
12 1.207675576210022
13 0.5970135927200317
13 0.558458149433136
13 -0.09692147374153137
13 -1.4263309240341187
13 -2.326484441757202
13 -2.2739686965942383
13 -1.5802631378173828
13 0.5970135927200317
13 0.9787620306015015
13 -0.08202679455280304
13 -0.5429635047912598
13 -2.50960111618042
14 0.2300417125225067
14 0.4393835663795471
14 -2.2225332260131836
14 1.0102622509002686
14 0.7746486663818359
14 -0.5606570839881897
14 -2.834249496459961
15 0.3802206516265869
15 -3.687356948852539
15 -1.1866697072982788
15 -0.481902539730072
16 -1.7453207969665527
16 -0.166046604514122
16 -2.414729595184326
16 -1.5013400316238403
17 -1.2126356363296509
17 -2.5549087524414062
17 -0.8523709774017334
17 2.5896124839782715
18 -4.515739917755127
18 -3.593754291534424
18 -1.7149218320846558
18 -2.8540375232696533
18 -1.4017786979675293
18 0.9194969534873962
18 0.4882362484931946
18 0.30651503801345825
18 0.8409744501113892
18 0.33242571353912354
19 -2.9679462909698486
19 -0.5239063501358032
19 0.22747232019901276
19 -0.21958033740520477
19 0.8743542432785034
20 0.0216655433177948
20 0.6499971151351929
20 0.12801267206668854
20 -5.030818462371826
20 -1.711984395980835
20 -0.087857186794281
21 -1.2528458833694458
21 -1.5452677011489868
21 0.9169577360153198
21 0.13259342312812805
21 -3.901921272277832
21 -3.496161460876465
21 -5.665110111236572
21 -4.3461995124816895
21 0.8761478662490845
21 0.8512406945228577
21 0.15070921182632446
21 -0.15197183191776276
21 1.0303868055343628
21 2.0742392539978027
22 0.2190897911787033
22 1.1270207166671753
22 -0.009885422885417938
22 -3.049938440322876
22 0.5763919353485107
22 -1.2958024740219116
23 -0.5122984647750854
23 -1.5457879304885864
23 1.0713154077529907
23 -0.418434202671051
24 -4.149158000946045
24 -2.9076106548309326
24 1.1818656921386719
24 0.8946884870529175
24 0.8215569257736206
25 -1.6237643957138062
25 -2.2874293327331543
25 -0.7372506856918335
25 -0.4471222758293152
26 -2.5447072982788086
26 -1.5902493000030518
26 -0.45734626054763794
26 0.27802395820617676
26 1.3076006174087524
27 -2.2905216217041016
27 -2.604261875152588
27 -1.2448995113372803
27 -2.2761082649230957
28 -2.9804515838623047
28 -3.4583849906921387
28 -5.348844528198242
28 -3.5149121284484863
28 -2.5765514373779297
28 -1.760815978050232
28 -4.787209510803223
28 -3.307731866836548
28 -0.4799869656562805
29 -1.6640516519546509
29 0.2005455046892166
29 -0.5711389780044556
29 -1.0137330293655396
29 1.1890267133712769
29 -2.284651279449463
29 -0.9769737720489502
29 -1.1641370058059692
29 -0.47421377897262573
29 -1.979516625404358
30 0.573223352432251
30 0.573223352432251
30 0.22532965242862701
30 0.22532965242862701
30 1.115911602973938
30 1.115911602973938
30 -0.6214611530303955
30 0.2164905071258545
31 0.7934240102767944
31 0.820228099822998
31 -0.2445313185453415
31 -1.8251301050186157
31 -3.6263301372528076
32 -0.8703993558883667
32 -0.9850947856903076
32 -1.085729718208313
33 -0.647944986820221
33 -0.8598616719245911
34 -0.47543811798095703
34 0.26758700609207153
34 -9.116606712341309
34 -0.6986926794052124
34 -2.583728790283203
35 -2.4663748741149902
35 -0.7268561124801636
35 -0.42529529333114624
35 -0.7511894702911377
36 4.123804569244385
36 0.7728540301322937
37 -0.8389826416969299
37 -1.4421802759170532
37 -0.14226646721363068
38 -0.735193133354187
38 -2.405580997467041
38 -2.3489229679107666
38 0.7346173524856567
38 1.55376136302948
38 -0.9277745485305786
38 -2.452505111694336
38 0.5967027544975281
39 -4.682185649871826
39 -3.23457670211792
39 -1.408002495765686
39 -1.928939938545227
39 -5.102806568145752
39 -2.5438590049743652
40 -0.562712550163269
40 0.028986621648073196
40 1.9314285516738892
40 0.39837390184402466
40 1.1365059614181519
40 -1.030107021331787
41 0.46731430292129517
41 -0.2934000492095947
41 -1.3102483749389648
41 -1.8515095710754395
42 -2.486786127090454
42 -2.227091073989868
42 -0.05102892220020294
43 -0.05686837434768677
43 -1.2120925188064575
43 -2.116551160812378
44 -0.4257620573043823
44 -2.3306264877319336
44 -1.2691437005996704
44 -2.4360477924346924
44 -0.887431263923645
45 -4.442495822906494
45 -1.4774909019470215
45 -0.7308142185211182
45 0.05666353181004524
46 -0.9239258170127869
46 -1.4992133378982544
46 0.8248982429504395
46 1.2075090408325195
46 0.975610077381134
47 -0.45223677158355713
47 1.940480351448059
47 -5.220191478729248
47 -1.9227139949798584
48 -0.5169165134429932
48 -1.2306123971939087
48 -0.7139701247215271
48 -0.9096720814704895
48 1.1917082071304321
49 -0.23194561898708344
49 0.35193872451782227
49 0.43343591690063477
49 0.1504189670085907
50 -3.7314577102661133
50 -1.9565635919570923
50 -1.0431811809539795
50 -3.469306468963623
50 -0.18566679954528809
