1.0,1.0		1
0.0,0.0		1
0.7065443116025598,0.7065443116025598		1
0.22009176629808017,0.22009176629808017		1
0.4537425745411855,0.4690000933206748		0
1.0,1.0		1
1.0,1.0		1
0.2082936658103318,0.3963918729015093		0
0.7799082337019199,0.7799082337019199		1
0.0,0.0		1
0.3063365306564336,0.43735247915031		0
0.0,0.0		1
0.28165758790969186,0.08514311764162098		1
1.0,0.9363792118010483		1
0.07839826897867533,0.3971921948634016		0
0.0979129253499678,0.2934556883974402		0
0.0,0.0		1
0.0,0.0		1
0.0,0.0		1
0.5847192329112588,0.42049964660493067		1
0.0,0.0		1
0.3241295975188817,0.31280477890197517		1
0.7849818707050383,0.5114531979843772		1
0.0,0.0		1
1.0,1.0		1
0.542042305486879,0.47842151728792726		1
0.30523488393970116,0.21726071285222986		1
0.0,0.0		1
1.0,0.5341769051617135		1
0.9216017310213247,0.9216017310213247		1
1.0,1.0		1
1.0,1.0		1
1.0,0.933745776545611		1
1.0,0.7799082337019199		1
0.3398414932237254,0.3398414932237254		1
1.0,1.0		1
1.0,1.0		1
1.0,1.0		1
0.9052116356304493,0.9305687780632227		0
0.9305687780632227,1.0		0
1.0,0.08514311764162098		1
0.0,0.0		1
1.0,1.0		1
1.0,0.914856882358379		1
1.0,1.0		1
0.0,0.0		1
0.914856882358379,0.914856882358379		1
0.7909506325094737,0.7909506325094737		1
0.0,0.0		1
0.8482378089219645,0.6683063269107928		1
0.566505254342783,0.5295171116561234		1
