1,-0.33291084,0.28927618,0.8660808
2,-0.24413237,0.12650846,0.60711575
3,-0.1745597,0.09659697,0.32467148
5,-0.15312849,0.061211217,0.31337488
6,-0.2369195,0.080137044,0.2782803
7,-0.11406097,0.08935564,0.1648284
8,-0.19004777,0.12817796,0.23023765
11,-0.13982646,0.10110814,0.060555983
12,-0.17119019,0.17043225,0.382877
13,1341800,-0.11383647,0.16481641,0.2595482
15,1341800,-0.080982044,0.10161102,0.1397196
16,1341800,-0.07565111,0.06904289,0.18004891
18,1341800,-0.0837749,0.12659258,0.25608465
19,1341800,-0.062088337,0.11407873,0.21718621
20,8808927,-0.065151244,0.13358127,0.22930677
21,1341800,-0.1258733,0.19322291,0.3268109
