p1,p3,p5,p10,p100,ndcg1,ndcg3,ndcg5,ndcg10,ndcg100,ap1,ap3,ap5,ap10,ap100,ap_full,num_rel,
1.0,1.0,1.0,1.0,0.78,1.0,1.0,1.0,1.0,0.9966609664759657,0.0126582278481,0.0379746835443,0.0632911392405,0.126582278481,0.968604569429,0.968604569429,78,
0.0,0.0,0.0,0.0,0.0,0.0,0.0,0.0,0.0,0.0,0.0,0.0,0.0,0.0,0.0,0.000456011469972,6,
0.0,0.666666666667,0.8,0.8,0.62,0.0,0.5307212739772434,0.6608397947263839,0.7065443116025598,0.6360979437436819,0.0,0.00644567219153,0.0150092081031,0.0324739103745,0.247692692204,0.555814443568,167,
1.0,0.333333333333,0.2,0.1,0.14,1.0,0.46927872602275644,0.3391602052736161,0.22009176629808017,0.36439542404643027,0.0333333333333,0.0333333333333,0.0333333333333,0.0333333333333,0.0885732629291,0.143031553251,29,
1.0,1.0,0.6,0.3,0.15,1.0,1.0,0.7227265726449519,0.4690000933206748,0.7005900083658738,0.0416666666667,0.125,0.125,0.125,0.279836635325,0.297840228233,18,
1.0,1.0,1.0,1.0,0.93,1.0,1.0,1.0,1.0,0.9851917258603544,0.0106382978723,0.031914893617,0.0531914893617,0.106382978723,0.955118882186,0.96482762005,94,
1.0,1.0,1.0,1.0,0.76,1.0,1.0,1.0,1.0,0.8058354376175569,0.00869565217391,0.0260869565217,0.0434782608696,0.0869565217391,0.593317429519,0.739154192783,114,
1.0,0.666666666667,0.4,0.3,0.51,1.0,0.7039180890341347,0.5087403079104241,0.3963918729015093,0.492998044107871,0.00621118012422,0.0103519668737,0.0103519668737,0.0124223602484,0.14692069306,0.417287180825,156,
0.0,0.666666666667,0.8,0.9,0.75,0.0,0.5307212739772434,0.6608397947263839,0.7799082337019199,0.756953212946863,0.0,0.0101449275362,0.0236231884058,0.0614872325742,0.544637405924,0.77982593154,112,
0.0,0.0,0.0,0.0,0.02,0.0,0.0,0.0,0.0,0.1397585431434294,0.0,0.0,0.0,0.0,0.0147569444444,0.0280578928599,4,
1.0,0.666666666667,0.4,0.3,0.35,1.0,0.7653606369886217,0.5531464700081437,0.43735247915031,0.5379166216003752,0.00900900900901,0.018018018018,0.018018018018,0.0225225225225,0.122676658883,0.187226156346,59,
0.0,0.0,0.0,0.0,0.01,0.0,0.0,0.0,0.0,0.007620895167034715,0.0,0.0,0.0,0.0,5.13980263158e-05,0.0189983534521,148,
0.0,0.0,0.2,0.1,0.1,0.0,0.0,0.13120507751234178,0.08514311764162098,0.3261056485355179,0.0,0.0,0.00833333333333,0.00833333333333,0.0625261529925,0.0844137023451,18,
1.0,1.0,1.0,0.9,0.19,1.0,1.0,1.0,0.9363792118010483,0.8764319440825,0.047619047619,0.142857142857,0.238095238095,0.428571428571,0.693059542387,0.700169604042,21,
0.0,0.333333333333,0.6,0.4,0.07,0.0,0.2960819109658652,0.4912596920895758,0.3971921948634016,0.13509403461912273,0.0,0.00555555555556,0.0177777777778,0.0251851851852,0.0355123955124,0.0965084571669,84,
1.0,0.333333333333,0.2,0.2,0.05,1.0,0.46927872602275644,0.3391602052736161,0.2934556883974402,0.29838208186073295,0.00680272108844,0.00680272108844,0.00680272108844,0.00874635568513,0.0117457989178,0.0133482150866,18,
0.0,0.0,0.0,0.0,0.0,0.0,0.0,0.0,0.0,0.0,0.0,0.0,0.0,0.0,0.0,0.0,0,
0.0,0.0,0.0,0.0,0.0,0.0,0.0,0.0,0.0,0.0,0.0,0.0,0.0,0.0,0.0,0.00131061598952,1,
0.0,0.0,0.0,0.0,0.0,0.0,0.0,0.0,0.0,0.0,0.0,0.0,0.0,0.0,0.0,0.00268817204301,1,
0.0,0.333333333333,0.2,0.5,0.29,0.0,0.2960819109658652,0.21398626473452756,0.42049964660493067,0.6272325877316451,0.0,0.00431034482759,0.00431034482759,0.0190202517789,0.0997548920079,0.116600970151,36,
0.0,0.0,0.0,0.0,0.05,0.0,0.0,0.0,0.0,0.05814212250508212,0.0,0.0,0.0,0.0,0.00280425381878,0.0371982817025,62,
0.0,0.0,0.2,0.4,0.14,0.0,0.0,0.14606834984270645,0.31280477890197517,0.5868316059923497,0.0,0.0,0.00119047619048,0.00693499622071,0.0285809353559,0.0295226534976,17,
0.0,0.333333333333,0.4,0.6,0.33,0.0,0.2960819109658652,0.34519134224686937,0.5114531979843772,0.3916874779623305,0.0,0.00316455696203,0.00569620253165,0.0206525015069,0.117635236269,0.234078023,93,
0.0,0.0,0.0,0.0,0.0,0.0,0.0,0.0,0.0,0.0,0.0,0.0,0.0,0.0,0.0,0.0106318824553,22,
1.0,1.0,1.0,1.0,0.3,1.0,1.0,1.0,1.0,0.9993618096665049,0.03125,0.09375,0.15625,0.3125,0.93437268261,0.93437268261,30,
1.0,0.333333333333,0.6,0.4,0.32,1.0,0.46927872602275644,0.6164336326286644,0.47842151728792726,0.6411785949657632,0.0212765957447,0.0212765957447,0.0446808510638,0.058865248227,0.31389921065,0.351494789262,44,
0.0,0.333333333333,0.2,0.2,0.09,0.0,0.2960819109658652,0.21398626473452756,0.21726071285222986,0.28406231988390024,0.0,0.0172413793103,0.0172413793103,0.0287356321839,0.0626306971622,0.0845531038774,25,
0.0,0.0,0.0,0.0,0.04,0.0,0.0,0.0,0.0,0.1362363628476023,0.0,0.0,0.0,0.0,0.0146763402672,0.0317427859145,13,
0.0,0.333333333333,0.6,0.6,0.25,0.0,0.2960819109658652,0.4912596920895758,0.5341769051617135,0.6085692762112564,0.0,0.0116279069767,0.0372093023256,0.0832779623477,0.370808579996,0.410779534964,39,
1.0,1.0,1.0,0.9,0.61,1.0,1.0,1.0,0.9216017310213247,0.6576567496063884,0.00606060606061,0.0181818181818,0.030303030303,0.0516426166426,0.267652718097,0.506180663114,147,
1.0,1.0,1.0,1.0,0.56,1.0,1.0,1.0,1.0,0.9896943565073008,0.00724637681159,0.0217391304348,0.036231884058,0.0724637681159,0.385394879912,0.385394879912,56,
1.0,1.0,1.0,1.0,0.95,1.0,1.0,1.0,1.0,0.951851413341065,0.00201612903226,0.00604838709677,0.0100806451613,0.0201612903226,0.180369590256,0.216930503196,114,
1.0,1.0,1.0,0.9,0.56,1.0,1.0,1.0,0.933745776545611,0.8909545426850436,0.015625,0.046875,0.078125,0.1390625,0.710937223903,0.757003440925,62,
0.0,0.666666666667,0.8,0.9,0.3,0.0,0.5307212739772434,0.6608397947263839,0.7799082337019199,0.8978631774698926,0.0,0.0376344086022,0.0876344086022,0.228097798259,0.80648746267,0.80648746267,30,
0.0,0.333333333333,0.4,0.4,0.12,0.0,0.23463936301137822,0.30078518014914984,0.3398414932237254,0.1998027042822284,0.0,0.00123001230012,0.00270602706027,0.00619106191062,0.0155658556132,0.0386422727239,70,
1.0,1.0,1.0,1.0,0.61,1.0,1.0,1.0,1.0,1.0,0.00393700787402,0.011811023622,0.0196850393701,0.0393700787402,0.240157480315,0.240157480315,61,
1.0,1.0,1.0,1.0,0.97,1.0,1.0,1.0,1.0,0.9637789795269808,0.00671140939597,0.0201342281879,0.0335570469799,0.0671140939597,0.614081823367,0.856092609913,134,
1.0,1.0,1.0,1.0,0.94,1.0,1.0,1.0,1.0,0.9538647647441013,0.00236406619385,0.00709219858156,0.0118203309693,0.0236406619385,0.218422154626,0.671631491888,354,
1.0,1.0,1.0,0.9,0.83,1.0,1.0,1.0,0.9305687780632227,0.8598004940285328,0.00315457413249,0.00946372239748,0.0157728706625,0.0277252015422,0.241294496413,0.829835384446,313,
1.0,1.0,1.0,1.0,0.85,1.0,1.0,1.0,1.0,0.8772127694674738,0.00361010830325,0.0108303249097,0.0180505415162,0.0361010830325,0.284006377384,0.50635419139,189,
0.0,0.0,0.2,0.1,0.48,0.0,0.0,0.13120507751234178,0.08514311764162098,0.40335624072690635,0.0,0.0,0.000343642611684,0.000343642611684,0.0286368442154,0.513824272139,533,
0.0,0.0,0.0,0.0,0.08,0.0,0.0,0.0,0.0,0.148684041987213,0.0,0.0,0.0,0.0,0.00101870342256,0.00729842628211,35,
1.0,1.0,1.0,1.0,0.63,1.0,1.0,1.0,1.0,0.9994895242319282,0.00512820512821,0.0153846153846,0.025641025641,0.0512820512821,0.322118056264,0.322118056264,63,
1.0,1.0,0.8,0.9,0.93,1.0,1.0,0.8687949224876582,0.914856882358379,0.9298530367119385,0.00154083204931,0.00462249614792,0.00616332819723,0.0128726734659,0.133010468881,0.255772065256,203,
1.0,1.0,1.0,1.0,0.15,1.0,1.0,1.0,1.0,0.9980708392172891,0.00641025641026,0.0192307692308,0.0320512820513,0.0641025641026,0.0953258547009,0.0953258547009,15,
0.0,0.0,0.0,0.0,0.0,0.0,0.0,0.0,0.0,0.0,0.0,0.0,0.0,0.0,0.0,0.0,0,
1.0,1.0,0.8,0.9,0.74,1.0,1.0,0.8687949224876582,0.914856882358379,0.9472739377704331,0.0027397260274,0.00821917808219,0.0109589041096,0.0228886714503,0.162512735623,0.162512735623,74,
1.0,1.0,1.0,0.7,0.54,1.0,1.0,1.0,0.7909506325094737,0.5625155562933493,0.00645161290323,0.0193548387097,0.0322580645161,0.0432258064516,0.19339830722,0.333610074908,112,
0.0,0.0,0.0,0.0,0.01,0.0,0.0,0.0,0.0,0.03428084194899372,0.0,0.0,0.0,0.0,0.000263435194942,0.00204646283085,12,
1.0,1.0,0.6,0.6,0.79,1.0,1.0,0.7227265726449519,0.6683063269107928,0.7859390804463713,0.00331125827815,0.00993377483444,0.00993377483444,0.0154157468727,0.208090415352,0.561343443008,272,
0.52,0.546666666667,0.54,0.524,0.3778,0.52,0.5436865528772692,0.5397430027290091,0.5295171116561234,0.5489055548186635,0.00610935800161,0.0174728516332,0.0276840215479,0.0505937068748,0.236378763466,0.326181987588,87,