p1,p3,p5,p10,p100,ndcg1,ndcg3,ndcg5,ndcg10,ndcg100,ap1,ap3,ap5,ap10,ap100,ap_full,num_rel,
1.0,1.0,1.0,1.0,0.61,1.0,1.0,1.0,1.0,0.9881609731043842,0.0126582278481,0.0379746835443,0.0632911392405,0.126582278481,0.723807790321,0.723807790321,61,
0.0,0.0,0.0,0.0,0.0,0,0,0,0,0,0.0,0.0,0.0,0.0,0.0,0.0,0,
0.0,0.0,0.0,0.0,0.0,0,0,0,0,0,0.0,0.0,0.0,0.0,0.0,0.0,0,
0.0,0.0,0.0,0.0,0.0,0,0,0,0,0,0.0,0.0,0.0,0.0,0.0,0.0,0,
0.0,0.0,0.0,0.0,0.0,0,0,0,0,0,0.0,0.0,0.0,0.0,0.0,0.0,0,
1.0,1.0,1.0,1.0,0.92,1.0,1.0,1.0,1.0,0.9955205931435696,0.0106382978723,0.031914893617,0.0531914893617,0.106382978723,0.955636270943,0.955636270943,92,
0.0,0.0,0.0,0.0,0.0,0,0,0,0,0,0.0,0.0,0.0,0.0,0.0,0.0,0,
0.0,0.666666666667,0.8,0.9,0.46,0.0,0.5307212739772434,0.6608397947263839,0.7799082337019199,0.6311990651286138,0.0,0.00724637681159,0.0168737060041,0.0439194518387,0.223665254604,0.30630621291,77,
0.0,0.0,0.0,0.0,0.0,0,0,0,0,0,0.0,0.0,0.0,0.0,0.0,0.0,0,
1.0,0.666666666667,0.4,0.2,0.02,1.0,1.0,1.0,1.0,1.0,0.25,0.5,0.5,0.5,0.5,0.5,2,
0.0,0.0,0.0,0.0,0.0,0,0,0,0,0,0.0,0.0,0.0,0.0,0.0,0.0,0,
1.0,1.0,1.0,1.0,0.99,1.0,1.0,1.0,1.0,0.9928271243134077,0.00390625,0.01171875,0.01953125,0.0390625,0.38671875,0.777908738056,200,
0.0,0.0,0.0,0.0,0.0,0,0,0,0,0,0.0,0.0,0.0,0.0,0.0,0.0,0,
0.0,0.333333333333,0.2,0.1,0.03,0.0,0.23463936301137822,0.23463936301137822,0.23463936301137822,0.45628946199918624,0.0,0.015873015873,0.015873015873,0.015873015873,0.0289682539683,0.0289682539683,3,
0.0,0.0,0.0,0.0,0.0,0,0,0,0,0,0.0,0.0,0.0,0.0,0.0,0.0,0,
0.0,0.0,0.0,0.0,0.0,0,0,0,0,0,0.0,0.0,0.0,0.0,0.0,0.0,0,
0.0,0.0,0.0,0.0,0.01,0.0,0.0,0.0,0.0,0.07821312100379274,0.0,0.0,0.0,0.0,0.00529100529101,0.0107667299531,3,
0.0,0.0,0.0,0.0,0.0,0,0,0,0,0,0.0,0.0,0.0,0.0,0.0,0.0,0,
0.0,0.0,0.0,0.0,0.0,0,0,0,0,0,0.0,0.0,0.0,0.0,0.0,0.0,0,
0.0,0.0,0.0,0.0,0.0,0,0,0,0,0,0.0,0.0,0.0,0.0,0.0,0.0,0,
1.0,1.0,1.0,1.0,0.72,1.0,1.0,1.0,1.0,0.9717313011457489,0.0125,0.0375,0.0625,0.125,0.857236487648,0.86170165747,74,
1.0,0.333333333333,0.4,0.2,0.39,1.0,0.46927872602275644,0.4703652827859579,0.30523488393970116,0.3875569421577572,0.0047619047619,0.0047619047619,0.00666666666667,0.00666666666667,0.0697573119799,0.286677561677,170,
0.0,0.0,0.0,0.0,0.0,0,0,0,0,0,0.0,0.0,0.0,0.0,0.0,0.0,0,
1.0,1.0,0.8,0.4,0.04,1.0,1.0,1.0,1.0,1.0,0.0384615384615,0.115384615385,0.153846153846,0.153846153846,0.153846153846,0.153846153846,4,
1.0,1.0,1.0,1.0,0.31,1.0,1.0,1.0,1.0,0.9897680150236561,0.03125,0.09375,0.15625,0.3125,0.921884408904,0.921884408904,31,
0.0,0.0,0.0,0.0,0.0,0,0,0,0,0,0.0,0.0,0.0,0.0,0.0,0.0,0,
0.0,0.0,0.0,0.0,0.0,0,0,0,0,0,0.0,0.0,0.0,0.0,0.0,0.0,0,
0.0,0.0,0.0,0.0,0.0,0,0,0,0,0,0.0,0.0,0.0,0.0,0.0,0.0,0,
0.0,0.0,0.0,0.0,0.0,0,0,0,0,0,0.0,0.0,0.0,0.0,0.0,0.0,0,
0.0,0.0,0.0,0.0,0.0,0,0,0,0,0,0.0,0.0,0.0,0.0,0.0,0.0,0,
1.0,1.0,1.0,0.9,0.68,1.0,1.0,1.0,0.9216017310213247,0.9779954959046856,0.00724637681159,0.0217391304348,0.036231884058,0.0617466068553,0.450091281925,0.450091281925,68,
0.0,0.0,0.0,0.0,0.0,0,0,0,0,0,0.0,0.0,0.0,0.0,0.0,0.0,0,
1.0,1.0,1.0,1.0,0.42,1.0,1.0,1.0,1.0,0.9557855015964976,0.015625,0.046875,0.078125,0.15625,0.568848749584,0.575435759388,43,
0.0,0.0,0.0,0.0,0.0,0,0,0,0,0,0.0,0.0,0.0,0.0,0.0,0.0,0,
0.0,0.0,0.0,0.0,0.0,0,0,0,0,0,0.0,0.0,0.0,0.0,0.0,0.0,0,
1.0,1.0,1.0,1.0,1.0,1.0,1.0,1.0,1.0,1.0,0.00393700787402,0.011811023622,0.0196850393701,0.0393700787402,0.393700787402,0.413385826772,105,
1.0,1.0,1.0,1.0,0.49,1.0,1.0,1.0,1.0,1.0,0.00671140939597,0.0201342281879,0.0335570469799,0.0671140939597,0.328859060403,0.328859060403,49,
1.0,1.0,1.0,0.9,0.92,1.0,1.0,1.0,0.9216017310213247,0.9245531475854755,0.00236406619385,0.00709219858156,0.0118203309693,0.0201442830875,0.201978247947,0.507170607104,254,
1.0,1.0,1.0,0.9,0.99,1.0,1.0,1.0,0.933745776545611,0.9856232519498774,0.00315457413249,0.00946372239748,0.0157728706625,0.0280757097792,0.30486306226,0.893287221364,293,
0.0,0.0,0.0,0.0,0.0,0,0,0,0,0,0.0,0.0,0.0,0.0,0.0,0.0,0,
1.0,0.666666666667,0.8,0.8,0.91,1.0,0.7039180890341347,0.7860137352654724,0.7948833326720564,0.8902214122125949,0.00171821305842,0.0028636884307,0.00552691867125,0.0113095238095,0.135748821261,0.686609748089,433,
0.0,0.0,0.0,0.0,0.0,0,0,0,0,0,0.0,0.0,0.0,0.0,0.0,0.0,0,
0.0,0.0,0.0,0.0,0.0,0,0,0,0,0,0.0,0.0,0.0,0.0,0.0,0.0,0,
1.0,1.0,1.0,1.0,0.89,1.0,1.0,1.0,1.0,0.9998808687855634,0.00154083204931,0.00462249614792,0.00770416024653,0.0154083204931,0.137030727067,0.137030727067,89,
0.0,0.0,0.0,0.0,0.0,0,0,0,0,0,0.0,0.0,0.0,0.0,0.0,0.0,0,
1.0,1.0,1.0,1.0,0.2,1.0,1.0,1.0,1.0,1.0,0.00507614213198,0.0152284263959,0.0253807106599,0.0507614213198,0.10152284264,0.10152284264,20,
1.0,1.0,1.0,1.0,0.95,1.0,1.0,1.0,1.0,0.9598157452486888,0.0027397260274,0.00821917808219,0.013698630137,0.027397260274,0.254058874657,0.717863818135,290,
0.0,0.0,0.0,0.0,0.0,0,0,0,0,0,0.0,0.0,0.0,0.0,0.0,0.0,0,
0.0,0.0,0.0,0.0,0.0,0,0,0,0,0,0.0,0.0,0.0,0.0,0.0,0.0,0,
0.0,0.0,0.0,0.0,0.0,0,0,0,0,0,0.0,0.0,0.0,0.0,0.0,0.0,0,
0.36,0.353333333333,0.348,0.326,0.239,0.36,0.3587711490409103,0.36303716351578386,0.35783230103826624,0.36370284040607004,0.00828579133238,0.0200834666455,0.0259105202549,0.0381482068749,0.154070282853,0.206775213419,47,