p1,p3,p5,p10,p100,ndcg1,ndcg3,ndcg5,ndcg10,ndcg100,ap1,ap3,ap5,ap10,ap100,ap_full,num_rel,
1.0,1.0,1.0,1.0,0.78,1.0,1.0,1.0,1.0,0.9981357218670277,0.0126582278481,0.0379746835443,0.0632911392405,0.126582278481,0.976588245198,0.976588245198,78,
0.0,0.0,0.0,0.0,0.0,0.0,0.0,0.0,0.0,0.0,0.0,0.0,0.0,0.0,0.0,0.000462695863706,6,
1.0,1.0,0.8,0.8,0.62,1.0,1.0,0.8539316501572937,0.8415908474314976,0.6524536863415014,0.00552486187845,0.0165745856354,0.0209944751381,0.0400793650794,0.234968716633,0.524084017355,161,
0.0,0.333333333333,0.2,0.2,0.15,0.0,0.23463936301137822,0.16958010263680806,0.17630010660342912,0.3720383490929089,0.0,0.0111111111111,0.0111111111111,0.0185185185185,0.0930621759267,0.121322102016,27,
0.0,0.333333333333,0.4,0.5,0.18,0.0,0.2960819109658652,0.34519134224686937,0.42331179510529354,0.7351962529276175,0.0,0.0208333333333,0.0375,0.0924768518519,0.373691458738,0.373691458738,18,
1.0,1.0,1.0,1.0,0.93,1.0,1.0,1.0,1.0,0.9851917258603544,0.0106382978723,0.031914893617,0.0531914893617,0.106382978723,0.955118882186,0.96482762005,94,
1.0,1.0,1.0,1.0,0.79,1.0,1.0,1.0,1.0,0.8333866527968301,0.00869565217391,0.0260869565217,0.0434782608696,0.0869565217391,0.634384160448,0.760314341744,114,
0.0,0.333333333333,0.2,0.2,0.51,0.0,0.2960819109658652,0.21398626473452756,0.2082936658103318,0.4644100150668427,0.0,0.00310559006211,0.00310559006211,0.00465838509317,0.14195338613,0.420230891747,156,
0.0,0.666666666667,0.8,0.9,0.48,0.0,0.5307212739772434,0.6608397947263839,0.7799082337019199,0.5423351842728972,0.0,0.0101449275362,0.0236231884058,0.0614872325742,0.330775705907,0.532755841711,111,
0.0,0.0,0.0,0.0,0.02,0.0,0.0,0.0,0.0,0.13272964144290428,0.0,0.0,0.0,0.0,0.0128605411835,0.0265160033683,4,
0.0,0.0,0.2,0.4,0.39,0.0,0.0,0.13120507751234178,0.3063365306564336,0.5924717750056102,0.0,0.0,0.0018018018018,0.0131703131703,0.154134104544,0.195521111951,53,
0.0,0.0,0.0,0.0,0.01,0.0,0.0,0.0,0.0,0.0077918613202860995,0.0,0.0,0.0,0.0,5.66123188406e-05,0.0193411010296,147,
0.0,0.0,0.2,0.2,0.08,0.0,0.0,0.14606834984270645,0.1731866333482261,0.28847496787031945,0.0,0.0,0.0104166666667,0.0243055555556,0.0548859662626,0.0753307275796,18,
1.0,1.0,1.0,0.9,0.19,1.0,1.0,1.0,0.9266360779006401,0.8666544441680268,0.047619047619,0.142857142857,0.238095238095,0.412566137566,0.666361858753,0.674482765867,21,
0.0,0.0,0.0,0.1,0.02,0.0,0.0,0.0,0.07839826897867533,0.030858402086310605,0.0,0.0,0.0,0.00185185185185,0.00256869772999,0.0559002361223,81,
0.0,0.0,0.0,0.1,0.02,0.0,0.0,0.0,0.0979129253499678,0.1427593343270651,0.0,0.0,0.0,0.00113378684807,0.00133096716948,0.00182419909462,7,
0.0,0.0,0.0,0.0,0.0,0.0,0.0,0.0,0.0,0.0,0.0,0.0,0.0,0.0,0.0,0.0,0,
0.0,0.0,0.0,0.0,0.0,0.0,0.0,0.0,0.0,0.0,0.0,0.0,0.0,0.0,0.0,0.0,0,
0.0,0.0,0.0,0.0,0.0,0.0,0.0,0.0,0.0,0.0,0.0,0.0,0.0,0.0,0.0,0.00271002710027,1,
0.0,0.666666666667,0.6,0.7,0.22,0.0,0.5307212739772434,0.5147714448836774,0.6188656458779801,0.7684999471480303,0.0,0.0100574712644,0.0152298850575,0.0396346469622,0.0925219004487,0.0925219004487,22,
0.0,0.0,0.0,0.0,0.09,0.0,0.0,0.0,0.0,0.10298306163795995,0.0,0.0,0.0,0.0,0.00820983182144,0.0468027069503,62,
0.0,0.0,0.2,0.4,0.14,0.0,0.0,0.14606834984270645,0.3012042966046398,0.6570558415487222,0.0,0.0,0.00119047619048,0.00624149659864,0.0283501756416,0.0283501756416,14,
1.0,1.0,0.8,0.7,0.29,1.0,1.0,0.8687949224876582,0.7849818707050383,0.41931717877651914,0.00632911392405,0.0189873417722,0.0253164556962,0.0415536467752,0.12083139122,0.231337613803,89,
0.0,0.0,0.0,0.0,0.01,0.0,0.0,0.0,0.0,0.022265039568835722,0.0,0.0,0.0,0.0,0.000610500610501,0.0114778546086,22,
1.0,1.0,1.0,1.0,0.3,1.0,1.0,1.0,1.0,0.9997981694891248,0.03125,0.09375,0.15625,0.3125,0.936491935484,0.936491935484,30,
1.0,1.0,0.6,0.6,0.32,1.0,1.0,0.7227265726449519,0.675416025555764,0.76623047813248,0.0212765957447,0.063829787234,0.063829787234,0.102051671733,0.387742349373,0.405942143772,38,
1.0,0.333333333333,0.4,0.2,0.09,1.0,0.46927872602275644,0.4703652827859579,0.30523488393970116,0.3350125743731266,0.0344827586207,0.0344827586207,0.048275862069,0.048275862069,0.0835696351046,0.105566534199,25,
0.0,0.0,0.0,0.0,0.03,0.0,0.0,0.0,0.0,0.10329939641829175,0.0,0.0,0.0,0.0,0.00950374345723,0.0238697854178,13,
1.0,1.0,1.0,1.0,0.36,1.0,1.0,1.0,1.0,0.9227984452259211,0.0232558139535,0.0697674418605,0.116279069767,0.232558139535,0.7361602385,0.743744022073,39,
0.0,0.666666666667,0.8,0.8,0.6,0.0,0.5307212739772434,0.6608397947263839,0.7136540102475308,0.6034152302354481,0.0,0.00707070707071,0.0164646464646,0.0368614718615,0.231966427562,0.478867022463,147,
1.0,1.0,1.0,1.0,0.23,1.0,1.0,1.0,1.0,0.9983992108063741,0.00724637681159,0.0217391304348,0.036231884058,0.0724637681159,0.165375228112,0.165375228112,23,
1.0,1.0,1.0,1.0,0.95,1.0,1.0,1.0,1.0,0.950810376777111,0.00201612903226,0.00604838709677,0.0100806451613,0.0201612903226,0.179703594884,0.212402390259,112,
1.0,0.666666666667,0.6,0.6,0.53,1.0,0.7653606369886217,0.6843515475204855,0.6531466953037821,0.7926007773351766,0.015625,0.03125,0.040625,0.0697358630952,0.540041205886,0.600317567077,62,
1.0,1.0,1.0,1.0,0.3,1.0,1.0,1.0,1.0,0.9674711955113989,0.0322580645161,0.0967741935484,0.161290322581,0.322580645161,0.831284117739,0.831284117739,30,
0.0,0.333333333333,0.4,0.4,0.12,0.0,0.23463936301137822,0.30078518014914984,0.3398414932237254,0.19882289691075952,0.0,0.00123001230012,0.00270602706027,0.00619106191062,0.015324248316,0.0384006654268,70,
1.0,1.0,1.0,1.0,0.61,1.0,1.0,1.0,1.0,1.0,0.00393700787402,0.011811023622,0.0196850393701,0.0393700787402,0.240157480315,0.240157480315,61,
1.0,1.0,1.0,1.0,1.0,1.0,1.0,1.0,1.0,1.0,0.00671140939597,0.0201342281879,0.0335570469799,0.0671140939597,0.671140939597,0.89932885906,134,
1.0,1.0,1.0,1.0,0.95,1.0,1.0,1.0,1.0,0.960161467728667,0.00236406619385,0.00709219858156,0.0118203309693,0.0236406619385,0.219932998784,0.655672809428,349,
1.0,1.0,0.8,0.9,0.87,1.0,1.0,0.8539316501572937,0.9052116356304493,0.8853629358945442,0.00315457413249,0.00946372239748,0.0119873817035,0.0257235491463,0.253623981202,0.85794479213,313,
1.0,1.0,1.0,0.9,0.69,1.0,1.0,1.0,0.9305687780632227,0.748384867764144,0.00361010830325,0.0108303249097,0.0180505415162,0.0317288407541,0.219460069201,0.412757292295,164,
1.0,1.0,1.0,1.0,0.96,1.0,1.0,1.0,1.0,0.966426246425045,0.00171821305842,0.00515463917526,0.0085910652921,0.0171821305842,0.160866000647,0.842830584941,533,
0.0,0.0,0.0,0.0,0.09,0.0,0.0,0.0,0.0,0.353236018424537,0.0,0.0,0.0,0.0,0.00133708346369,0.0015989380824,11,
1.0,1.0,1.0,1.0,0.63,1.0,1.0,1.0,1.0,0.9994895242319282,0.00512820512821,0.0153846153846,0.025641025641,0.0512820512821,0.322118056264,0.322118056264,63,
1.0,1.0,1.0,1.0,0.94,1.0,1.0,1.0,1.0,0.9486814329231247,0.00154083204931,0.00462249614792,0.00770416024653,0.0154083204931,0.139240746611,0.266369228068,203,
1.0,1.0,1.0,1.0,0.15,1.0,1.0,1.0,1.0,1.0,0.00641025641026,0.0192307692308,0.0320512820513,0.0641025641026,0.0961538461538,0.0961538461538,15,
0.0,0.0,0.0,0.0,0.0,0,0,0,0,0,0.0,0.0,0.0,0.0,0.0,0.0,0,
1.0,1.0,0.8,0.9,0.74,1.0,1.0,0.8687949224876582,0.914856882358379,0.9472739377704331,0.0027397260274,0.00821917808219,0.0109589041096,0.0228886714503,0.162512735623,0.162512735623,74,
1.0,1.0,1.0,0.7,0.6,1.0,1.0,1.0,0.7909506325094737,0.7225515505436705,0.00645161290323,0.0193548387097,0.0322580645161,0.0432258064516,0.22499498264,0.298523443852,79,
0.0,0.0,0.0,0.0,0.01,0.0,0.0,0.0,0.0,0.040419659112753054,0.0,0.0,0.0,0.0,0.000489236790607,0.00233342523892,12,
1.0,1.0,1.0,0.8,0.8,1.0,1.0,1.0,0.8482378089219645,0.8239026457520134,0.00331125827815,0.00993377483444,0.0165562913907,0.0242641648271,0.23260963819,0.598588815546,262,
0.52,0.566666666667,0.556,0.558,0.3758,0.52,0.5577649146579519,0.552244644990857,0.5558809148765613,0.5729911624182529,0.00611906419499,0.0179364452937,0.0285848031176,0.0545382054984,0.238901315975,0.32671090714,83,