p1,p3,p5,p10,p100,ndcg1,ndcg3,ndcg5,ndcg10,ndcg100,ap1,ap3,ap5,ap10,ap100,ap_full,num_rel,
1.0,1.0,1.0,1.0,0.99,1.0,1.0,1.0,1.0,0.992587468244663,0.00143472022956,0.00430416068867,0.00717360114778,0.0143472022956,0.141822077661,0.788872836836,697,
1.0,1.0,1.0,1.0,0.62,1.0,1.0,1.0,1.0,0.6752885913829697,0.00512820512821,0.0153846153846,0.025641025641,0.0512820512821,0.241580711557,0.424069283005,195,
1.0,1.0,1.0,1.0,0.31,1.0,1.0,1.0,1.0,0.9706252425238326,0.03125,0.09375,0.15625,0.3125,0.930622832514,0.935751037642,32,
1.0,1.0,1.0,1.0,0.21,1.0,1.0,1.0,1.0,0.5509419078959494,0.0212765957447,0.063829787234,0.106382978723,0.212765957447,0.345087133583,0.386894650758,47,
1.0,1.0,1.0,0.8,0.27,1.0,1.0,1.0,0.8521705090845474,0.9020253924655779,0.0344827586207,0.103448275862,0.172413793103,0.256376573618,0.746946620505,0.747860915742,29,
1.0,1.0,1.0,1.0,0.73,1.0,1.0,1.0,1.0,0.7818514638645742,0.00862068965517,0.0258620689655,0.0431034482759,0.0862068965517,0.5628374304,0.709557163953,116,
1.0,1.0,1.0,1.0,0.34,1.0,1.0,1.0,1.0,0.5392225149731001,0.0125,0.0375,0.0625,0.125,0.366289252528,0.493830941005,80,
1.0,0.666666666667,0.6,0.6,0.32,1.0,0.7653606369886217,0.6843515475204855,0.6581810421830975,0.379487742662752,0.00645161290323,0.0129032258065,0.0167741935484,0.0294086021505,0.103813117717,0.206568744967,155,
1.0,1.0,0.8,0.7,0.18,1.0,1.0,0.8687949224876582,0.7702043899253147,0.33395313080498934,0.013698630137,0.041095890411,0.0547945205479,0.0844422700587,0.134086806255,0.179809955378,73,
1.0,0.666666666667,0.8,0.8,0.57,1.0,0.7039180890341347,0.7860137352654724,0.7827392871477702,0.6239478141776501,0.00507614213198,0.00846023688663,0.0163282571912,0.0317702038514,0.225982490148,0.291633200089,197,
1.0,0.333333333333,0.6,0.6,0.85,1.0,0.46927872602275644,0.6164336326286644,0.606439180544341,0.8179502050672506,0.0027397260274,0.0027397260274,0.00575342465753,0.010675146771,0.184952774239,0.676726539783,365,
1.0,1.0,1.0,1.0,0.99,1.0,1.0,1.0,1.0,0.9924455763267155,0.00154083204931,0.00462249614792,0.00770416024653,0.0154083204931,0.152181204563,0.813142752533,649,
1.0,1.0,1.0,1.0,0.9,1.0,1.0,1.0,1.0,0.9190820297817983,0.00641025641026,0.0192307692308,0.0320512820513,0.0641025641026,0.550777982938,0.757116490512,156,
0.0,0.666666666667,0.6,0.5,0.13,0.0,0.5307212739772434,0.5296347172140421,0.48571574856977245,0.7627532237745287,0.0,0.0897435897436,0.147435897436,0.237179487179,0.541229032406,0.541229032406,13,
1.0,1.0,1.0,1.0,0.41,1.0,1.0,1.0,1.0,0.9649628969903339,0.0232558139535,0.0697674418605,0.116279069767,0.232558139535,0.935817890615,0.938966450108,43,
1.0,1.0,1.0,1.0,0.98,1.0,1.0,1.0,1.0,0.9824893586229269,0.00171821305842,0.00515463917526,0.0085910652921,0.0171821305842,0.165755744471,0.95505333829,582,
1.0,1.0,1.0,1.0,0.76,1.0,1.0,1.0,1.0,0.9720881027385502,0.0126582278481,0.0379746835443,0.0632911392405,0.126582278481,0.955909788896,0.966060309236,79,
1.0,1.0,1.0,1.0,0.91,1.0,1.0,1.0,1.0,0.9210642755873624,0.00552486187845,0.0165745856354,0.0276243093923,0.0552486187845,0.467833409607,0.827304688087,181,
1.0,1.0,1.0,0.9,0.59,1.0,1.0,1.0,0.9216017310213247,0.6567176010085959,0.00990099009901,0.029702970297,0.049504950495,0.0843666509508,0.466771966088,0.620964481228,101,
1.0,0.666666666667,0.4,0.4,0.19,1.0,0.7039180890341347,0.5087403079104241,0.4721567066247473,0.6361286484625049,0.0416666666667,0.0694444444444,0.0694444444444,0.106944444444,0.287603049974,0.312303814895,24,
0.0,0.0,0.2,0.1,0.16,0.0,0.0,0.13120507751234178,0.08514311764162098,0.36085374720520097,0.0,0.0,0.00666666666667,0.00666666666667,0.108228427738,0.160571340871,30,
1.0,1.0,1.0,1.0,0.9,1.0,1.0,1.0,1.0,0.9615129861329463,0.0106382978723,0.031914893617,0.0531914893617,0.106382978723,0.914238805606,0.934425564157,94,
1.0,1.0,1.0,0.9,0.56,1.0,1.0,1.0,0.933745776545611,0.6124704360536187,0.00621118012422,0.0186335403727,0.0310559006211,0.0552795031056,0.239113796386,0.541998187394,161,
1.0,1.0,0.8,0.4,0.04,1.0,1.0,1.0,1.0,1.0,0.25,0.75,1.0,1.0,1.0,1.0,4,
1.0,1.0,1.0,1.0,0.85,1.0,1.0,1.0,1.0,0.871379956262665,0.00315457413249,0.00946372239748,0.0157728706625,0.0315457413249,0.241991188402,0.771878823663,317,
1.0,1.0,1.0,0.8,0.95,1.0,1.0,1.0,0.8482378089219645,0.9410421247435508,0.00236406619385,0.00709219858156,0.0118203309693,0.0173233517205,0.207607199049,0.731791064106,423,
0.0,0.333333333333,0.4,0.3,0.31,0.0,0.2960819109658652,0.34519134224686937,0.2973694836145356,0.3344819491983875,0.0,0.00555555555556,0.01,0.0147619047619,0.118939226994,0.193145083296,90,
1.0,0.666666666667,0.4,0.4,0.09,1.0,0.7039180890341347,0.5087403079104241,0.46001266110046096,0.4537972347997537,0.047619047619,0.0793650793651,0.0793650793651,0.114285714286,0.209760609761,0.218570644419,21,
1.0,0.666666666667,0.4,0.2,0.03,1.0,0.7039180890341347,0.7039180890341347,0.7039180890341347,0.8240337448321859,0.333333333333,0.555555555556,0.555555555556,0.555555555556,0.626984126984,0.626984126984,3,
1.0,1.0,1.0,1.0,0.84,1.0,1.0,1.0,1.0,0.8701820107125399,0.00680272108844,0.0204081632653,0.0340136054422,0.0680272108844,0.529843322395,0.715063727036,147,
0.0,0.333333333333,0.2,0.1,0.01,0.0,0.6309297535714575,0.6309297535714575,0.6309297535714575,0.6309297535714575,0.0,0.5,0.5,0.5,0.5,0.5,1,
1.0,0.333333333333,0.2,0.1,0.01,1.0,1.0,1.0,1.0,1.0,1.0,1.0,1.0,1.0,1.0,1.0,1,
1.0,1.0,1.0,1.0,0.94,1.0,1.0,1.0,1.0,0.9500966569935111,0.00724637681159,0.0217391304348,0.036231884058,0.0724637681159,0.66119179694,0.885521466645,138,
1.0,1.0,1.0,0.9,0.28,1.0,1.0,1.0,0.933745776545611,0.4031193924063242,0.00606060606061,0.0181818181818,0.030303030303,0.0539393939394,0.145312321355,0.185833714087,165,
1.0,1.0,1.0,1.0,1.0,1.0,1.0,1.0,1.0,1.0,0.00671140939597,0.0201342281879,0.0335570469799,0.0671140939597,0.671140939597,0.876505431841,149,
0.0,0.333333333333,0.6,0.8,0.95,0.0,0.23463936301137822,0.4468535299918563,0.6410457898283652,0.8974438571908693,0.0,0.00131233595801,0.00564304461942,0.0202443444569,0.339104716818,0.694630709284,254,
1.0,1.0,1.0,1.0,0.87,1.0,1.0,1.0,1.0,0.9006289296297427,0.00369003690037,0.0110701107011,0.0184501845018,0.0369003690037,0.31122425007,0.589974894417,271,
1.0,1.0,1.0,1.0,0.58,1.0,1.0,1.0,1.0,0.9250798141789591,0.015625,0.046875,0.078125,0.15625,0.859236092875,0.9001426382,64,
1.0,1.0,1.0,1.0,1.0,1.0,1.0,1.0,1.0,1.0,0.00201612903226,0.00604838709677,0.0100806451613,0.0201612903226,0.201612903226,0.845053665761,496,
1.0,1.0,1.0,1.0,1.0,1.0,1.0,1.0,1.0,1.0,0.00331125827815,0.00993377483444,0.0165562913907,0.0331125827815,0.331125827815,0.842227580139,302,
0.875,0.841666666667,0.825,0.7825,0.5655,0.875,0.8685671005168466,0.8690201740823458,0.852083921297617,0.7828166445317084,0.0487529744846,0.0966194275363,0.117885754672,0.152109050205,0.443113921717,0.644700882219,173,