0.8899541168509599
0.6046855387118412
0.5774250016294136
0.22009176629808017
0.40030566811860463
0.9363792118010483
0.6313419460517601
0.6311443278613471
0.08514311764162098
0.0
0.0
0.2489083270225946
0.13886244387355454
0.5708588662113935
0.08514311764162098
0.0
0.0
0.0
0.0
0.3995688713838975
0.43735247915031
0.06362078819895171
0.7917267193679839
0.0
1.0
0.8643145546088337
0.33013764944712026
0.22009176629808017
0.5033242827953464
0.07336392209936005
0.7975167679274937
0.0
0.9363792118010483
0.0
0.0
0.6136525857537393
0.914856882358379
1.0
1.0
0.933745776545611
1.0
0.49435723575344825
0.2984900352767555
0.3012042966046398
0.33013764944712026
0.0
0.0
0.5305455297539706
0.0
0.8899541168509599
