10219055 42.1900873382
8794407 41.8569616936
10413197 41.0583658281
7999037 40.0807948988
9562574 38.3785197542
11742033 37.5232397063
7798019 37.0613584641
8632187 36.3322355374
7750130 36.3185580679
12364573 36.1200645584
11042355 35.2515920408
10409666 34.6621828898
10455138 34.6435019204
10631094 34.0965632746
8806108 33.4250644232
9030564 33.3868583398
8198547 33.2030128542
10347250 33.1382358214
9441675 32.7936714801
11251076 32.7005960482
12062907 32.6188422045
9629198 32.2972619032
9809459 32.1289219927
10377242 31.678970734
12949839 31.5643134097
9023299 31.3644957193
12084516 31.3099580916
9618561 31.3066596899
10919291 31.2826615502
8543779 31.2371934804
9006979 31.1309760169
9722525 31.0752711341
8082869 30.8281134006
8985123 30.7762744029
10939517 30.7265723087
8530412 30.6199128743
8294504 30.467995945
10574929 30.3823630035
11977593 30.2841599882
8700799 30.2001190293
8663411 30.1865123531
7797530 30.1327387112
11221851 30.1173406208
11027631 30.0440859267
9971741 30.021407689
8187161 29.9597127758
8288234 29.7350073377
10650926 29.5155231835
9915831 29.4291385064
8745223 29.3914019126
9061614 29.1422026459
8910496 29.1046074873
8702008 29.0427984134
10493731 28.8323139177
9389509 28.7770792026
8592153 28.7141860455
10947967 28.7124356388
10509804 28.6989659069
7493955 28.6426064703
8037462 28.6079601012
12646261 28.4865195909
7528281 28.4723261801
11931341 28.3246453088
8977427 27.8579374903
9169429 27.7983207494
8243281 27.5338811699
9139723 27.5035855673
10639739 27.3922723577
7738106 27.3922723577
7606087 27.2345396792
9837933 27.0750350754
9099944 26.976021137
8939448 26.9726808673
9360928 26.9096349149
11562782 26.8691741566
11028916 26.7972853307
9880081 26.7060369093
8940376 26.6098459921
9492018 26.513450087
7760848 26.4993643623
9922394 26.493321344
7590286 25.8672715848
12699694 25.8141922753
10836720 25.7002305539
11668475 25.6847273858
8813724 25.6501209414
8144680 25.165277312
12430005 24.9086175247
11060304 24.8101399654
10666288 24.7770613054
12488345 24.7406943027
11395514 24.7082144182
8310814 24.4216886466
9396570 23.7296595902
7782897 23.6722584388
11425890 23.6358064892
9389490 23.439178122
9270721 23.3942819968
11524414 23.2035417693
10857085 22.6488811984
9263920 22.4287304724
11327800 22.3457915775
12050071 22.2884806766
11960773 22.1135265146
7873888 21.9914483417
11097175 21.5665156481
8666996 21.5154577261
7568280 21.2851564273
9667917 20.643093619
11774350 20.0275308262
9778036 19.9069608865
10563791 19.2032694544
12712685 19.0161686973
10369524 18.7856795467
11199279 18.071911984
11785012 17.8737223553
10861745 17.8699993182
9394415 17.7057746957
12529325 17.401680325
10639577 17.2374818292
10373238 17.1836559138
7506499 17.1278382575
9719496 17.0029775505
9603787 16.9752078186
9435496 16.9144329411
12906732 16.8997823547
7820069 16.6404386418
9428907 16.5786103722
9617206 15.9904337501
12398201 15.7078745555
9308889 15.6540532212
11301132 15.5994685062
11411138 15.5287179058
12349868 15.5058536155
8276107 15.5022353544
10352866 15.3773751451
7649250 14.8284337928
9450357 14.6403590023
8619321 14.5356871508
9086357 14.5302868168
11497236 14.3694597981
7987275 14.3177565193
9529641 14.2402471661
9130294 14.1955596356
9120667 14.1612184801
11804193 14.0436465327
9615742 14.0241079373
7511706 13.9979231771
9759553 13.9710499842
12593497 13.9260266642
11389480 13.8089472898
11103109 13.5452597205
11471192 13.4877866335
9278283 13.4549455495
11882567 13.1513925127
11746507 13.1050821945
9436656 13.0455241696
9622036 12.924318611
7549432 12.9165905826
8867586 12.8570638358
10976390 12.8067182795
12613498 12.7852636587
11414324 12.7734157273
10976385 12.6950811312
12628248 12.6884522762
12518540 12.6590041358
9409081 12.5231917177
9212077 12.4756770655
11710915 12.3864776847
11763353 12.3858353501
7700065 12.3740226124
12016055 12.3526279038
10688856 12.3333300828
12450324 12.2785489958
9740599 12.2618555735
9484817 12.157501915
12757748 12.0614188621
9894790 12.0069653896
9511264 11.9259983539
7995495 11.9246708403
8910518 11.9081778988
10674884 11.8986236275
8950469 11.8876201938
8846256 11.8857220458
11292325 11.8738771915
10542139 11.8306673255
10065147 11.804258836
11352593 11.7583091771
7972052 11.7012695568
9773599 11.6818095647
12508556 11.6484007621
8649096 11.6319200069
12438280 11.5824547641
11524917 11.5496110355
12403565 11.533408446
11300149 11.5114187738
10993678 11.4797521091
9423350 11.4685573023
1342108 11.4460130808
12946230 11.4001147068
8060610 11.388377141
11715041 11.3530539317
9199192 11.1869708869
11350874 11.1668657491
7715947 11.1555014919
11232462 11.0988263996
9820031 11.0128790966
9675514 11.0101867272
8159808 10.9972316426
10215996 10.9031857672
7491928 10.898759016
12739874 10.8707235795
7863007 10.8632180746
12537864 10.7270607508
9422058 10.6870070375
11694888 10.6725593948
7726198 10.6432244548
11351798 10.6208650315
12600448 10.6077254518
10397362 10.5606884254
11248545 10.4940644179
12361664 10.4827631538
12548922 10.4549325502
12625756 10.4293247481
8185317 10.4216656522
7765750 10.4192893729
10840280 10.3993980151
10654096 10.3795824613
11261604 10.3795824613
12849977 10.3376581332
11128865 10.2934434187
8858183 10.2719920529
11898555 10.2237357591
11035191 10.2101262273
7504834 10.2101262273
10068142 10.1781992565
10620568 10.1548162737
10964005 10.132245184
12354330 10.1279555747
12413552 10.0818779905
11873502 10.0782055022
12503104 10.0724998221
11789303 10.060484948
11131264 10.0539093523
10762604 10.0353873798
12558016 10.0169335265
11506503 10.007788319
10386272 9.98811087892
8726460 9.98811087892
11551628 9.9802286802
9667877 9.97115034075
12808718 9.96648033183
10728982 9.9619769452
11721349 9.9619769452
10867214 9.93477964334
12753723 9.93184525661
7783219 9.92606331152
9929677 9.9130411622
8846502 9.90762009756
9154244 9.89867331262
11891509 9.88008379881
11553930 9.83606037428
10684930 9.80354880377
11125075 9.79003269766
9721314 9.75891004237
10710411 9.7568348349
7764886 9.7506770655
12451465 9.74805136564
10338104 9.73836517233
12182825 9.73661683657
10465403 9.69775974291
8660675 9.69525655035
10709351 9.6911921374
9661195 9.68742905963
11710891 9.66589296645
12657434 9.66390479579
7947084 9.66366746515
11125204 9.66260234404
12791265 9.65309515094
11105059 9.65309515094
12629906 9.64449738712
9539312 9.59801296188
12671006 9.5903928201
10981042 9.58515230623
10483785 9.56155919048
11437609 9.56013098364
10163506 9.5181592017
10906799 9.5181592017
10098397 9.45209606161
10780058 9.4250627494
12747893 9.4250627494
9886871 9.40103197174
12795415 9.38694365551
11790986 9.38694365551
9300660 9.37295325353
12804089 9.36091524749
11248079 9.34383210015
10876189 9.34156428789
11389672 9.33775734112
10727777 9.33602934919
10867209 9.32756139652
9705582 9.3226832795
12230301 9.29088189738
9187765 9.29088189738
10748880 9.26350734831
12761059 9.25929673838
11948257 9.19741496931
9801309 9.19738419723
11590109 9.19676632846
7922258 9.1487072896
11273064 9.13580000892
12047952 9.13507482106
11789098 9.13507482106
10094934 9.12123893287
8809275 9.0817233639
10088637 9.04407394078
7764362 9.03466589768
9405058 9.01610997099
11169855 8.98440729048
10767309 8.98440729048
8657630 8.98440729048
11897868 8.97801011586
9097081 8.96791666623
7569574 8.95486822466
9803526 8.95486822466
8578436 8.95128838776
10629589 8.931875451
7528478 8.93109682753
12058449 8.92552276026
9456169 8.91661871644
12355988 8.8948350515
7918312 8.88906588354
10588049 8.84869254354
12359513 8.81003934301
11099951 8.78163391732
10448117 8.77448245407
7733891 8.75438134772
12086678 8.75210732622
11955649 8.74611220774
7968026 8.72984602227
10578177 8.7253690557
12401491 8.69750613271
12430874 8.69122801478
10958640 8.66517815216
8570407 8.64231075076
11465732 8.62410876878
11689692 8.6170811994
9793501 8.61497493605
11768555 8.58781150363
10503135 8.58781150363
7576999 8.58781150363
12449589 8.58781150363
11589357 8.56081882804
11319801 8.56067049468
10899793 8.53399530419
9791532 8.52705418153
11212067 8.50733934703
12440519 8.50733934703
12054903 8.50461462697
8297797 8.49343227472
10956002 8.49133128131
10390783 8.47183943321
10697270 8.44975900582
10359469 8.43642165842
12827207 8.42836131965
11738471 8.42162886927
9533613 8.40236016918
9720233 8.3950697358
10946305 8.36237089495
8808288 8.36114717801
11380269 8.35083619193
10471440 8.34953902682
12824348 8.34765964474
12453676 8.31004742542
12702274 8.30466285113
11882568 8.27241001288
10343885 8.25158543571
9490786 8.24630887527
11746753 8.24265457023
10102724 8.22474906431
12750306 8.22474906431
8807152 8.22474906431
8738601 8.19998716491
7483933 8.17537391716
10535315 8.16912830703
11035779 8.15090798646
11936559 8.15090798646
10069815 8.14217701658
12537441 8.13914105375
9609721 8.13884756206
10204701 8.10241281731
12387838 8.0783809884
12934961 8.0783809884
11520933 8.05449129515
12151303 8.05449129515
10981040 8.05449129515
10231431 8.03866513657
8705909 8.03074248029
9365531 8.03074248029
12235837 8.00713330134
10230703 8.00713330134
12006991 7.99753338746
11939257 7.98366253039
11642542 7.96032895388
7661240 7.96032895388
10539765 7.94561407302
11020328 7.94280834215
9520001 7.93713137238
11571077 7.93713137238
11925570 7.9236793358
11823322 7.91406860042
12052911 7.89113946628
11447765 7.89113946628
7991124 7.89113946628
14555240 7.86387725777
11479572 7.84567749197
10896671 7.82172596572
12558712 7.81367051075
11426648 7.80073634289
12657361 7.80073634289
12809979 7.79170737045
12536972 7.77845828889
12079584 7.77845828889
9705533 7.77845828889
9539246 7.7714483394
11841990 7.73428175505
10364618 7.68389270723
10625397 7.66894985821
9711906 7.64741714262
7798029 7.63779287646
9567617 7.60754245604
12810981 7.60471244038
9655396 7.59563692291
12117794 7.59162478932
11676598 7.58953040829
9698067 7.58353844496
8823157 7.56621633269
9163720 7.55791115767
10919642 7.55728933146
9749296 7.52071806177
8796875 7.4581872401
10436064 7.45277719611
8985148 7.44462542521
9621432 7.41839556914
8822793 7.41829877232
10767316 7.39814875121
12747351 7.39487349583
12559836 7.38425177998
12618756 7.3546875176
8695226 7.33835017122
7826597 7.33835017122
10810093 7.33835017122
9573617 7.32509198008
11187956 7.31343992858
11259340 7.29901862458
12064254 7.29901862458
11389456 7.28985985518
9298347 7.27951053342
12547233 7.27951053342
9520006 7.2746200497
11015571 7.2583328297
8590564 7.24080552349
12569386 7.24080552349
11249635 7.24080552349
7576301 7.24080552349
12736093 7.22867218986
12141663 7.22160695461
12545225 7.21631961408
14580789 7.20250992424
11274343 7.20250992424
10660304 7.17526621108
11943081 7.1646172739
9007235 7.16047141293
12902910 7.15929737997
8796909 7.15151195449
7540562 7.14957355141
8525920 7.14582007235
12071648 7.12731622045
12137778 7.12712124596
10212558 7.12712124596
12107074 7.12712124596
11256580 7.10988620934
12552528 7.09842593056
8738607 7.07160735523
9129725 7.06216088761
12821140 7.05777744386
9555724 7.05724568
9951698 7.05530114743
8692753 7.05329440664
8246921 7.04475791509
12569124 7.0376417989
9100310 7.01695158747
10067756 7.01695158747
10704998 7.01695158747
9695373 7.01695158747
10454618 7.00401651507
10429969 7.00138531196
8546148 6.99892026205
10904872 6.9809813686
10889273 6.9809813686
11352638 6.9725265909
13677943 6.96649859441
9659854 6.96313419822
12153992 6.96313419822
12655024 6.93224359907
10431784 6.92771222702
12490448 6.8969855875
12323100 6.88999358059
9755182 6.88355393295
10328533 6.85969261834
12353253 6.84958929309
8840785 6.84767802754
9363081 6.8407141977
7750684 6.8407141977
12783789 6.83467247392
11964188 6.82357613949
11395437 6.82357613949
10924462 6.82357613949
10564481 6.81489052519
12204446 6.80652373872
12175304 6.7992032498
11009450 6.79233269983
12384606 6.77267335354
7506859 6.755874107
8702625 6.7500864574
11911655 6.7460894605
8961669 6.7460894605
8996584 6.74334286408
8985174 6.73515163809
11193807 6.73479772315
8744024 6.72252439741
9673847 6.71415005588
11964390 6.71202803448
11755017 6.7066097554
10486922 6.7059727093
12543076 6.68624008916
11316609 6.6803026581
10403273 6.67311264876
12471642 6.66232458509
11958661 6.65845602842
12566294 6.65680308698
8613203 6.64827902482
8069598 6.64070442904
10964563 6.64057305428
10433685 6.63859125005
9792505 6.63742818362
12405606 6.60834926061
12618131 6.60834926061
14559183 6.59766278967
12165748 6.5923543559
12172427 6.57643669263
9152004 6.56967160377
10727281 6.5573005216
12143267 6.5503308249
9789717 6.54483086315
11835310 6.54115563515
11110674 6.52914159664
9627181 6.52261400099
8168690 6.51699527654
11898556 6.50910319779
9190075 6.50370384545
9372933 6.49799709069
10697590 6.49798764869
8142623 6.49798764869
10769200 6.49581866674
10966425 6.46712959243
8751868 6.46712959243
8152272 6.46712959243
9246639 6.45777739221
10667598 6.4489331515
10022863 6.44689087681
12747895 6.43749876349
11032626 6.43656323234
8313935 6.43656323234
11161595 6.42615802921
11223369 6.42231343502
9273065 6.4213881489
12433964 6.4213881489
12648161 6.4213881489
10089880 6.41871113675
10954587 6.41233003483
8951046 6.40908349967
9176520 6.40628445185
11763996 6.40628445185
10681074 6.40628445185
7612661 6.40445974377
10380678 6.40262235272
12124995 6.39125163864
8978815 6.37797560115
11029511 6.37628921146
11694296 6.37273644695
9711445 6.36431827051
11958601 6.3613966771
12519952 6.34831738019
9050933 6.346573547
8841967 6.346573547
8624097 6.34376659853
9815734 6.33252015099
11350645 6.3318193371
12450786 6.3318193371
10523726 6.32505086795
10383113 6.32370061351
12380673 6.31713356785
12925512 6.3160676391
10579938 6.31033623778
12226498 6.30992158544
10773818 6.30595080472
7629121 6.30575454955
8567053 6.29434816621
12704390 6.2932398532
8008211 6.28570574216
12597880 6.27255069739
9589251 6.25906546062
10027417 6.2581913607
9925751 6.25755572791
9280167 6.25503402395
11213262 6.24955566146
10097174 6.2313890605
11768308 6.23129029959
11887775 6.22646874717
11944934 6.2191838951
11202034 6.21621015835
9450492 6.21621015835
12730455 6.21491090682
10771522 6.20598315977
9403547 6.19949515958
11943713 6.19412882061
9678311 6.18237885982
11163131 6.17631702726
10199001 6.17393771866
9340870 6.16087521011
9008509 6.15894367217
8950580 6.15712249683
11731078 6.14680358592
11323508 6.14609997668
11790248 6.13399819507
9387964 6.13223633087
11836210 6.13199891499
10574967 6.12172272807
12141572 6.12110871281
11836457 6.1184607732
9499404 6.10826083189
12031683 6.1077360973
10642555 6.10747794889
8093053 6.10613890831
10976725 6.09787850321
9148754 6.08142625016
11090689 6.07930590053
7626028 6.05664630496
11250604 6.05256323546
11880544 6.05156017349
12527452 6.04505305055
9695407 6.04290865488
8797010 6.03708985884
10592313 6.03120001952
9436516 6.02522946635
9989879 6.0237379967
12872482 6.02077831644
10440874 6.00661964671
9630895 5.99495132791
9572864 5.99240059374
9848495 5.98081342445
9626207 5.97091595918
10880397 5.95120351828
9160329 5.94679433283
11978510 5.94679433283
8627844 5.94605675239
12574065 5.93509190877
7584992 5.93509190877
11585785 5.93190340283
7730720 5.91985848882
12381300 5.91666012168
8679539 5.90959865585
9382368 5.90617702454
10471736 5.88555792727
10223346 5.87981714112
10464643 5.87981714112
7592826 5.87279359233
7656208 5.87095470467
8040342 5.86788065427
7763003 5.8470159858
10953993 5.84435931858
12475089 5.83879860419
9790864 5.82974712941
12505626 5.82408639823
12600212 5.82344363095
8738608 5.82080507563
11410498 5.81761364521
10900127 5.81391912909
7821387 5.81076085779
9516963 5.80373420716
7938014 5.80231698758
11258568 5.79311691849
7982082 5.78820985375
10516754 5.77809439934
12364596 5.75992861933
11339660 5.75975136925
9925526 5.7497254763
12571032 5.7494545087
12740386 5.74858455647
12135371 5.74635236361
7902829 5.74532801909
11115061 5.74153018893
9755158 5.72897402574
7746144 5.72155377705
11469861 5.70427515037
11682540 5.70317536032
11309678 5.70142785966
7761390 5.6915320122
12154128 5.69063030511
12831325 5.6873513457
12576866 5.67343793085
8594303 5.66895570588
11306462 5.6688151854
12358148 5.66616747293
9729791 5.65712765506
12496661 5.65302384165
12655107 5.64092151428
10688034 5.63261643053
9713133 5.63162093715
12407684 5.63162093715
11195056 5.62634492624
12381271 5.62560051372
9724779 5.61328605646
9850076 5.59618925872
7927905 5.59522718072
9846876 5.59079254048
11324462 5.58549950284
7516508 5.58323329724
14501614 5.57950352438
12764378 5.57906108419
12611453 5.57602465802
12061869 5.5751706653
8678056 5.57268272243
12207917 5.56112441442
12584240 5.55899080065
9529778 5.55899080065
9229037 5.55843202256
12369958 5.55673716786
12382154 5.55413307606
10682216 5.55312768828
9747583 5.54542351886
12729728 5.54235602288
7734933 5.538729214
10811852 5.52296051484
9405066 5.52065349292
9808784 5.52065349292
10531012 5.51712754649
9681800 5.51350370967
10340748 5.51217756869
9427760 5.51062039655
10601093 5.50763107729
12189556 5.50700875183
14579528 5.48395284016
11918805 5.4826888753
11032416 5.48001001484
8982074 5.47849741287
11377795 5.47079580089
9591838 5.47079580089
10347218 5.46786087037
8672456 5.46682090505
8625833 5.4609527003
11259410 5.4590907396
12881448 5.45757267509
8823200 5.4537049206
12432270 5.45349155615
14536076 5.45275613538
12490953 5.45069316048
9383205 5.43745835919
10488446 5.4287516206
10818505 5.41824505288
11041170 5.40628460445
8899423 5.36885056699
10426396 5.36858677914
7506096 5.36858677914
8939623 5.36536565608
7666952 5.36150011857
9535141 5.34443222592
9568175 5.34082601821
9253141 5.33866521123
9274047 5.33214692974
11388795 5.32389182948
9299532 5.30292903743
8645210 5.30173579141
8123699 5.30173579141
12531510 5.28845139844
9184634 5.27012678846
9335500 5.26646087376
10076867 5.26085549725
12217078 5.25778893318
11558492 5.24965765758
12364858 5.24518290311
7846126 5.23810447428
8920187 5.23383593459
10373210 5.23166544188
11248549 5.23066084735
9644594 5.21840399083
9569351 5.21743317939
10213160 5.20893716709
10704875 5.20646895744
8624076 5.20257708596
11755000 5.20094603731
11079455 5.20000987272
12200410 5.19263805497
8255252 5.19250220438
7513296 5.19177469388
11585921 5.19177469388
11100963 5.18954390624
9196071 5.1780066968
10535317 5.16933882193
8253996 5.16827911904
9683632 5.1619512065
8534917 5.15953857591
12174376 5.14971675105
12765942 5.14826459725
7744055 5.14355454741
11680956 5.13961615701
9931119 5.13220782275
9625811 5.13163962022
10734238 5.12955564026
10821349 5.12649682382
7700003 5.11197146873
11471547 5.1107154036
12056955 5.10857403433
8164658 5.10390865452
7565661 5.1037998187
12083398 5.10201392732
7926769 5.10118209291
10973318 5.09774837842
12678475 5.09135618219
12814828 5.08849520503
12395317 5.08657966734
12000868 5.08547445852
10930472 5.08131331716
8123007 5.07676177939
12824884 5.06871281368
7961732 5.06764522231
11092888 5.06458859025
9129197 5.0632221904
9515794 5.0586964829
10405784 5.05385523694
9261152 5.05253651183
10515209 5.05043228817
10898518 5.04972413808
8170995 5.03908450766
9678319 5.03015745154
10982789 5.02816549828
9223306 5.02054286078
7744005 5.00592119997
7935476 4.99581205405
8824203 4.99547805685
11312254 4.99528585599
8628675 4.99528585599
7619525 4.99451535732
7503726 4.99451535732
10519881 4.99394970529
7866872 4.99219765137
11140612 4.99084308352
12664266 4.99084308352
11717335 4.98719065137
12731876 4.98265602021
8811058 4.9820005834
10377357 4.9767232501
11483760 4.97006454508
11922865 4.95650426542
7730333 4.95407065039
10187858 4.93985664593
8672868 4.93494096626
7827501 4.93419247027
8867780 4.9313617903
10694747 4.9239558923
12496132 4.92330616392
11105899 4.9231381465
10400630 4.91783613103
11074155 4.91732612317
10637934 4.91732612317
14553932 4.91489132843
9531031 4.90552311815
10762164 4.90511647771
7830881 4.89991428808
12923312 4.89730641846
10525492 4.89699049745
11119706 4.88568295686
10982332 4.88212741863
11948106 4.88211630278
10048308 4.87918454079
10653631 4.87770069559
8137308 4.87258451797
9889140 4.87258451797
10794525 4.86968117561
10606568 4.86839305254
11322368 4.86834207187
11904411 4.86447638039
11397354 4.85923067123
9343467 4.853670343
10952411 4.85180030802
9224769 4.84274532052
11262969 4.84100361559
7548225 4.83933862554
12972127 4.83714734025
10934212 4.82822101424
9821173 4.82785996759
9344855 4.81886169507
9636375 4.81886169507
12430021 4.81817478064
12439931 4.81762568061
10840274 4.81624487558
11900536 4.8154734151
7716180 4.80946471958
9487153 4.80651992038
7797561 4.80192261161
11027672 4.8005668249
12016217 4.79309363967
12937130 4.78948866125
8758936 4.78723759677
12353263 4.78723759677
12455997 4.78337853968
7971955 4.78070519972
7872809 4.77380739327
11455540 4.7705047292
11106661 4.76895425155
11350307 4.76806653334
10878035 4.76599530805
11171958 4.76395083823
10777588 4.75856912763
11453651 4.75726949376
7566000 4.75726949376
9565608 4.75624224026
12123486 4.74623567262
10614136 4.74623567262
9449829 4.74469824327
8195188 4.74469824327
12154143 4.74359781848
11554310 4.74359781848
9914499 4.73874423364
12850759 4.72696683369
12177516 4.72259443309
9030704 4.72253299324
7551037 4.72168654888
12511523 4.70835130623
11004503 4.70696953403
7513889 4.70648479753
12591733 4.70606474223
12752264 4.70285917314
7737424 4.69949426943
9886074 4.6905566389
8624080 4.68832441499
11476599 4.68416925589
12049663 4.68321057756
12369828 4.6818790141
11686896 4.68034266142
10954387 4.67853154106
9211255 4.67429731425
9084934 4.66912095411
9341106 4.66749594287
11087738 4.6624680814
12799430 4.66159187961
8638739 4.65659940207
10551879 4.65460786549
9450754 4.64637361796
12466306 4.64535660196
9105559 4.64221771687
12019933 4.63920358225
9073353 4.63462925566
11684412 4.63462925566
12826450 4.6328742315
12874011 4.63275268402
9305342 4.628662997
8626464 4.62071849553
10572108 4.62045876312
14530292 4.616582437
12111439 4.61208871571
11590019 4.60810966041
12817492 4.60732359838
12114580 4.60669812089
9863603 4.60464653989
9443045 4.60464653989
10759029 4.60301519963
10343631 4.60218478877
10462033 4.59947852306
12468454 4.5969465876
11743951 4.59444044061
8631862 4.59444044061
10713047 4.59440709326
11687736 4.5865640215
10098454 4.58513390244
9056422 4.58355708404
8168512 4.58217151903
9603528 4.57490905701
12415118 4.57486934801
8276265 4.56629652484
9099908 4.56255472854
12516860 4.5603928504
10773783 4.55794292593
10410247 4.55123386504
10681047 4.54583004234
11745998 4.53537939417
11106403 4.53537939417
10854768 4.53502295371
7531524 4.53135994573
12856536 4.52697557595
9671150 4.52696956963
8149193 4.5214047111
9234711 4.51724056572
9296068 4.51718776828
12882153 4.51251329301
10908719 4.51251329301
9794739 4.50965852465
7564997 4.50663628222
12189529 4.49986845209
12777252 4.49986845209
12507914 4.49835226214
9737955 4.49209121396
7662360 4.49196401654
10712953 4.49196401654
9802884 4.48815472404
11888281 4.48267402885
10576707 4.48148991707
12846153 4.47962125922
9459640 4.47575998491
8822806 4.47341220812
7756274 4.47263254254
9124559 4.46207129872
8968057 4.45909105743
12189514 4.45337661235
10620499 4.44538049454
10026154 4.44190337363
10557315 4.43691498699
11911795 4.43421804272
9328480 4.43259244192
8607981 4.43151986649
9100349 4.430426164
7597872 4.42941317497
12392994 4.42941317497
10198022 4.41883318174
12646924 4.418295759
10975458 4.41753698334
9480856 4.40567611628
11145497 4.40515907778
10353811 4.40397229914
10997273 4.40022418996
11230364 4.39650560371
8770640 4.39142952797
14633208 4.38999224733
12509255 4.38835999404
9360707 4.38219211347
12651728 4.37793791948
11884500 4.37442921816
11752595 4.36409040772
12145848 4.36375675476
8898388 4.3610060371
10942600 4.35862666093
8132589 4.35494631157
12424114 4.35220269954
7851650 4.35205805142
12888502 4.3503302197
7631331 4.34614953124
10647497 4.3432895683
11828267 4.34232524372
11891645 4.33979251416
12535700 4.33958863108
11726920 4.33803865357
11246221 4.33665653202
10507529 4.33596725963
10214911 4.32926295765
10100328 4.32835776117
11700052 4.32306853159
10653281 4.32155684485
10665934 4.31949194695
7510274 4.31580928721
7736580 4.31348897484
9348296 4.3117597259
8988243 4.3117597259
11385626 4.3117597259
10446941 4.30835639036
12200143 4.30835639036
8972486 4.30628589685
12534293 4.30628589685
11432641 4.30568867991
9346239 4.30485871499
11926892 4.30441527032
9172777 4.29626292036
11517334 4.2907074175
9272738 4.28726922832
8174075 4.2857972656
10049671 4.28325581288
10763415 4.28281067428
12161276 4.27917390419
10639338 4.27293292961
9580364 4.27077350857
12955844 4.26605317901
14550786 4.26605317901
8259519 4.26476212441
12097505 4.26105548717
11115846 4.25696283857
9843964 4.25552370256
11196707 4.24743455821
10665528 4.24743455821
11017931 4.24504607586
11586265 4.24420038778
8552096 4.24399629442
8054515 4.24329568831
12732733 4.23704028062
10653283 4.23546648761
10216960 4.23479915258
12736085 4.23479915258
12792428 4.23479915258
8309252 4.23028556579
10998555 4.22871292574
10736164 4.2273197384
10827080 4.22671106628
7772071 4.2222387004
12732634 4.2222387004
12388104 4.2222387004
12566713 4.21964826639
7670501 4.21733814477
11504715 4.21627465486
11148127 4.20975253671
8624098 4.20975253671
14562375 4.2052871378
12171652 4.20450319955
10221164 4.19734000438
9219239 4.19734000438
12108579 4.19734000438
9772466 4.18868822957
12401946 4.18500045402
8580709 4.18500045402
11709054 4.18324802572
12242698 4.17903320164
11175750 4.17806628157
10653282 4.17450874982
7808412 4.17266551988
7563239 4.16641357216
10779703 4.16304658331
9211985 4.16042494648
11734846 4.15386992945
12887906 4.15386992945
10601870 4.15119750049
7812786 4.1499456793
11406658 4.14953166137
11193144 4.14841331435
9239743 4.14841331435
9715796 4.13848168056
10051610 4.13635934853
8199988 4.13386715472
7615568 4.13254052151
9073026 4.12437522972
12533044 4.12437522972
9427643 4.12437522972
11544205 4.12322343145
11677115 4.12322343145
10554771 4.12220107947
11177707 4.11668812015
14570266 4.10846743166
9531531 4.1076180426
7880618 4.10369288846
10900464 4.10359620275
9759612 4.09979117357
12792667 4.09482499084
8531886 4.09226785255
12649263 4.08809871006
12415115 4.08415494653
9332327 4.08168036069
10216256 4.08127285144
12583999 4.08016604356
9379485 4.07712522174
11588015 4.07450323405
11160736 4.0711468944
8720497 4.0711468944
7568165 4.06813559938
9603782 4.06813559938
9353226 4.06781011985
11755019 4.06548139584
12818177 4.06548139584
11937734 4.06548139584
12270938 4.06489703206
11431472 4.0615058625
12469902 4.06110001778
8003471 4.06110001778
7992838 4.06080035512
10049385 4.05885693276
10594731 4.05386042089
10488952 4.05344925558
9331089 4.04581987798
11571272 4.0442862952
10618710 4.0442862952
8939914 4.04388575925
10467288 4.0423921319
10463234 4.04114936414
7849527 4.04114936414
12573574 4.03823388682
9264372 4.03094557033
9415314 4.03094557033
11313720 4.03094557033
9450679 4.03094557033
12743117 4.03066895746
10799505 4.02641714442
9497353 4.02313231827
11041238 4.02313231827
9300655 4.01956365059
11138785 4.01753754433
7517144 4.01753754433
11988471 4.01483580636
11872802 4.01483580636
11440169 4.01483580636
12180911 4.00903207746
10858279 4.00814327797
12610128 4.00503644127
8902091 3.99890131162
11710894 3.99741685917
11740563 3.99741685917
10660538 3.99699155859
9500840 3.99202312426
10067128 3.98709145136
11932899 3.98653136575
7512555 3.98580031258
14552909 3.98580031258
9306020 3.98043717714
9119087 3.97600177315
9854018 3.97467156072
8145763 3.96748601058
12244119 3.96383888816
9237543 3.96322350437
11173882 3.96322350437
11395757 3.96322350437
12539179 3.96297155262
12724062 3.96297155262
12806589 3.95654987196
7756256 3.95654987196
10383647 3.95367416962
12405260 3.95259945719
12439636 3.94593892298
12214801 3.94033592174
12184807 3.94033592174
9488207 3.94033592174
11672543 3.94033592174
7601282 3.93791179765
10233847 3.93756385218
10790347 3.93484278424
11991861 3.93077114101
10364221 3.92931728583
8890929 3.92931728583
11410663 3.9291147975
12436299 3.92605384984
9120438 3.91994714446
8562422 3.91795740189
11831478 3.91795740189
12499446 3.91185173045
10871368 3.90918259538
12729734 3.90918259538
12000364 3.90686319352
11595834 3.90686319352
10623880 3.90686319352
8747457 3.9062678217
11998221 3.89847700535
11958124 3.89583163714
7493947 3.89129467044
14647471 3.89061642476
11382361 3.88824609263
7552410 3.8878298913
8637723 3.88510748438
12757241 3.88486220353
11060054 3.88486220353
11139626 3.88159588335
9671723 3.87602479907
12499293 3.87395436941
9334285 3.87395436941
10436014 3.8641751639
12236956 3.86310761736
10527664 3.86310761736
10813808 3.85730905637
10569924 3.85724775829
11437236 3.85623465288
9487013 3.85623465288
8152809 3.85623465288
7866403 3.85232143574
12147358 3.84581671627
9501457 3.84005840784
10498741 3.84005840784
10191898 3.83545491783
9288972 3.83545491783
9143023 3.83092876562
8195591 3.82978474614
10618704 3.82514880502
9426059 3.82297998842
12065427 3.82032128201
12670235 3.82032128201
11230167 3.82032128201
9265639 3.81898927704
7969426 3.81605289713
10570994 3.81489793016
11751396 3.81484104448
10677567 3.80977237846
11175733 3.80977237846
10207717 3.80958514209
11607190 3.80944276021
14526128 3.8047599261
10208564 3.80470185033
10419506 3.80470185033
9920359 3.79928157104
10773824 3.79456012736
12686616 3.78931572638
8726027 3.78884838114
10915087 3.78884838114
12632069 3.7884712881
9665148 3.78713269876
12481899 3.78447232772
12518314 3.78447232772
11305360 3.78447232772
12724408 3.78265389439
11577832 3.78265389439
12676053 3.77847233539
11699598 3.77847233539
12707371 3.77847233539
11501342 3.77601544505
11330874 3.77601544505
7635303 3.7644567873
11959461 3.7644567873
11267665 3.7644567873
12486146 3.76323715305
12667065 3.76280820361
11968207 3.75954092848
11983167 3.75790855211
10931212 3.75788980864
11488931 3.7562391683
12114548 3.75452820222
7929154 3.75452820222
10588050 3.74969302919
10085870 3.74768240647
12472184 3.74731787227
10910042 3.74688070689
11188940 3.74688070689
10775836 3.74644848056
8709005 3.731690389
7658474 3.7301907983
11764087 3.72743305898
7650008 3.72386473534
10462539 3.72133011791
12837835 3.72103838412
11352500 3.71739022207
9626985 3.71730162329
11549581 3.71614664656
12427836 3.71533211829
11984003 3.71286042514
10608470 3.71089038078
9516941 3.71089038078
7907320 3.71089038078
12669979 3.70450121519
12552971 3.70450121519
11268353 3.69746602883
12401234 3.69746602883
11159443 3.69746602883
8950669 3.69746602883
12695044 3.69746602883
11440197 3.69603937871
11329872 3.6949780394
10675567 3.6904322034
11596035 3.68765635491
14632577 3.68285245102
10653144 3.67942102999
7600571 3.67942102999
11285192 3.67916305683
9733219 3.67916305683
9660812 3.67916305683
14500931 3.67775427341
14560960 3.67694596828
11753658 3.67288258376
7546294 3.67288258376
12414622 3.66847536936
8624107 3.66847536936
11849335 3.66797700095
10400579 3.66747304863
10550840 3.66747304863
9346876 3.66747304863
9631520 3.6603857448
12634421 3.6603857448
8626706 3.65486795123
11008178 3.65416916117
12207916 3.64867288924
12237305 3.64867288924
10914829 3.64857758788
12677444 3.64857758788
11289157 3.64857758788
11531970 3.64797365749
11205141 3.64777275844
11816788 3.64677826164
12746429 3.63934490464
12912989 3.63934490464
12649285 3.63895462897
9809197 3.63895462897
12474147 3.63895462897
7766012 3.63602566925
8702992 3.63564546258
11904379 3.63259519922
11747617 3.63006449317
10506108 3.63006449317
7820539 3.62951255943
11731430 3.62938229676
10382829 3.62938229676
9197546 3.6234003124
9018146 3.6198601928
8855952 3.6173086173
12182832 3.61470959459
14576297 3.61470959459
10783238 3.61470959459
10438581 3.61164494131
9654602 3.61086344281
10072433 3.61038792277
10505677 3.61038792277
9714532 3.60822790906
12915720 3.60822790906
12461557 3.60822790906
11953127 3.60822790906
12393935 3.60676421151
11550280 3.60583004662
12501213 3.60518646968
9056486 3.60518646968
11406725 3.6035710291
8058638 3.60250508589
10377345 3.6009650965
12461298 3.6009650965
11570910 3.59830462773
9508150 3.59830462773
10481190 3.59364199276
11049854 3.59341137348
11809704 3.59159132784
11551913 3.59159132784
12086707 3.59159132784
10403901 3.59100978914
9718053 3.59081055473
11196171 3.58436345553
11084343 3.58436345553
9188732 3.58418535007
12626500 3.57281854442
10495106 3.57281854442
9092029 3.56640362626
10632361 3.56640362626
14523097 3.56640362626
10919765 3.5637605662
9514597 3.5637605662
12429067 3.56249705531
7896000 3.56046107389
12351379 3.55749103516
9387143 3.55749103516
12891238 3.54871632328
12175310 3.54862287889
8008069 3.54203195539
10967324 3.54203195539
10701810 3.53994065233
7615543 3.53994065233
11398198 3.53979882597
10873362 3.53635780177
10372566 3.53635780177
12397082 3.53188732566
8575461 3.53101854822
9852036 3.52833067066
7589547 3.5254577502
10357136 3.52228172069
12767529 3.52228172069
10027549 3.51358802165
10419204 3.51358802165
11722606 3.51358802165
12032592 3.51177140294
7972031 3.51177140294
9430629 3.51105778932
9703939 3.50937323693
12822869 3.50937323693
8244947 3.50250206907
9218179 3.50046966476
11002344 3.50046966476
11222361 3.50046966476
11682627 3.499636184
9196297 3.49632873793
8784123 3.49395320227
10215283 3.49395320227
9252412 3.49188332367
8041803 3.49188332367
12399018 3.49161115648
9562463 3.49113596999
8822230 3.49113596999
12213776 3.48776252546
11808684 3.48776252546
10456225 3.48279737081
9395555 3.48279737081
7729760 3.4798434014
10477294 3.47923818587
10024339 3.47701446184
12198712 3.47402796993
12000842 3.47402796993
7538376 3.47402796993
8756621 3.47075541286
11044404 3.47075541286
11196312 3.46862365206
9667803 3.46581291792
11905724 3.46530261942
12670449 3.46530261942
12520697 3.46530261942
11983060 3.46231390316
12874665 3.45662098819
9591694 3.45662098819
10780779 3.45662098819
10022811 3.45468331598
8786409 3.4539133564
7700274 3.4539133564
10845936 3.4539133564
8248197 3.45277538487
8930365 3.45277538487
7592737 3.45277538487
7954833 3.45277538487
7977749 3.44914527702
11689355 3.44555347516
10764737 3.44313489175
11684670 3.43938757577
11318601 3.43812229546
10564681 3.43812229546
8014966 3.43539434345
11356187 3.43539434345
11594007 3.42895453376
7534068 3.42895453376
8594839 3.42401451195
12820661 3.42232514951
10197600 3.42232514951
11774217 3.42171929747
7953556 3.42171929747
10855732 3.41628635729
14520693 3.41453373588
9425301 3.41453373588
11443095 3.41251475628
9784363 3.40543117724
11724978 3.40543117724
10980615 3.40543117724
11034345 3.40279566495
12026164 3.39704658369
8657109 3.39704658369
8620656 3.39572882456
8860012 3.39206648573
9000516 3.39206648573
10981126 3.39206648573
9224649 3.38937840762
11851058 3.38937840762
11309329 3.38937840762
11792413 3.38870317654
10747142 3.38814855032
11990452 3.38140475309
10531065 3.38140475309
11798845 3.38040065308
9402469 3.38040065308
10620396 3.38010362286
7595652 3.3771299079
12435726 3.3771299079
11154856 3.37272967903
7597292 3.37213871353
9852574 3.37209680916
11125142 3.37080983304
12441341 3.37080983304
12491772 3.3679066427
11457833 3.3679066427
9718052 3.36645211478
10610805 3.36391706105
8832646 3.36028109951
14553937 3.36028109951
10400637 3.35873361953
12502890 3.35873361953
12062803 3.35873361953
12458338 3.35619644475
12606337 3.35619644475
8174645 3.35573540169
8579610 3.34981793423
10716435 3.34961042897
10036770 3.34961042897
12000849 3.34906849326
11471205 3.34759344434
12740381 3.34053666605
8523088 3.33949090071
9435231 3.33941972661
9811715 3.33142748531
12882570 3.32908587362
10024877 3.32908587362
10933697 3.32484136082
7861002 3.32340291539
10926366 3.32253582505
11437412 3.32253582505
11305906 3.32253582505
11827460 3.32253582505
8982460 3.31881577965
8549276 3.31709391815
12205293 3.3154169109
9862568 3.3154169109
12699910 3.30938249724
9485593 3.30860885645
8927242 3.30746919451
11328882 3.30746919451
7481373 3.30170684746
11395428 3.29955949153
9261967 3.29878355881
8943317 3.29846452295
7856409 3.29846452295
10852539 3.29589539499
9771847 3.29589539499
10075732 3.29406672048
7714894 3.29406672048
10672901 3.29168752986
12135308 3.29168752986
10074927 3.29088159134
8837736 3.28838220521
10856237 3.28710993443
7999318 3.28710993443
11554297 3.28585588573
12749816 3.28385304005
11262239 3.28385304005
10531035 3.28385304005
12761058 3.28385304005
8680047 3.27907617056
12437346 3.27889205308
10373312 3.27837118599
10222105 3.26840135611
11978736 3.26840135611
11851381 3.26834926626
10430506 3.26829541079
10702702 3.26829541079
8628669 3.26385655385
10686170 3.26057174506
10500182 3.2585017114
10567393 3.25639039538
11994102 3.25639039538
12225587 3.25639039538
9396780 3.25514800612
10625055 3.25288449854
12876550 3.25288449854
12888106 3.25288449854
9872334 3.24866185556
9568719 3.24866185556
11307308 3.24866185556
7576536 3.24866185556
11700594 3.24523341425
12529522 3.24523341425
12123572 3.24387594076
12746474 3.24156008598
12424116 3.23761823761
10811127 3.23761823761
11709065 3.23419547153
10747310 3.23385332714
9269893 3.23003871643
11167765 3.23003871643
9891471 3.23003871643
10358047 3.22915935696
10973947 3.22740756356
11157069 3.22686424508
9923073 3.22686424508
12428809 3.22249460089
9272464 3.22249460089
10879732 3.2195661801
8034053 3.21949565352
10406793 3.21949565352
8930687 3.21949565352
9523562 3.2100990595
10867173 3.2100990595
10926868 3.2100990595
9223053 3.2100990595
8286193 3.20988961742
9331080 3.20751159899
11567883 3.20506863856
8986743 3.20176446071
8770067 3.20176446071
9753611 3.20176446071
9121396 3.20007222451
10606569 3.19406860111
9166830 3.19347302921
12423249 3.19347302921
12477382 3.19266727935
9719372 3.19266727935
8626478 3.19106790845
12476034 3.19070107511
12606131 3.18927605797
9822164 3.18541393667
9375682 3.18522443051
11912489 3.18522443051
12531695 3.18356549014
12359094 3.18141239713
11327395 3.17646174956
10332046 3.17646174956
10915085 3.17498433357
9813087 3.16338705563
11568917 3.16338705563
8705854 3.16073233765
11141572 3.15615072381
12919962 3.15615072381
10506933 3.15612676502
11314021 3.15533947661
14562038 3.153436017
8706741 3.153436017
8668529 3.153436017
7502491 3.15277470769
10804186 3.15265179344
9792725 3.15265179344
10498903 3.15144732194
7521765 3.14852614014
10694577 3.14461246038
11162245 3.14421957776
10197642 3.14177692765
11604407 3.13749187993
11329064 3.13661402398
9531651 3.13505685467
11278584 3.13449625836
10600527 3.12760957738
8564085 3.12073859926
12452772 3.12046004806
11892789 3.12046004806
9279329 3.12046004806
10430931 3.1173568242
8933656 3.11392660103
10446803 3.1128609978
10545029 3.1128609978
10463820 3.1101187726
9256505 3.10788632688
9133344 3.10788632688
12749008 3.10640877635
7627966 3.10562963504
12189142 3.10539936422
12493737 3.10502306666
10672270 3.10036282647
11166730 3.0989338398
13678584 3.0989338398
7484219 3.0989338398
9224643 3.09722450694
11953124 3.09722450694
10704706 3.09635741199
9043061 3.09455151205
14559818 3.09362515414
9699666 3.09248348169
9774641 3.08946502271
8588489 3.08736246972
10498399 3.08556754751
8632914 3.08344017148
11020327 3.08288456794
11013077 3.08174432104
12081496 3.08118270895
12591159 3.08023728268
12439143 3.07868247746
12454055 3.07868247746
7576968 3.07841963682
12668671 3.07238318648
9607594 3.07182806541
9669695 3.06641810808
8680406 3.06500410702
12774340 3.06363378183
10581257 3.06363378183
11050117 3.05881202536
12471457 3.05881202536
11121025 3.05881202536
12858351 3.05881202536
8662984 3.05881202536
10629490 3.05881202536
8552387 3.05821039981
11326315 3.05821039981
12359135 3.0570910625
10051559 3.05493406806
12437339 3.05144674304
10884464 3.05144674304
8167331 3.05144674304
8809825 3.05124358222
11379823 3.05124358222
12511551 3.05124358222
12614344 3.05124358222
10389347 3.05124358222
10582239 3.04628362303
9344467 3.04628362303
8070613 3.04371249995
11098124 3.04371249995
8662682 3.04371249995
10667580 3.03800878685
8056448 3.03768202941
10364640 3.03768202941
9374718 3.03768202941
11858943 3.03768202941
12388777 3.0362185026
12408979 3.0362185026
10634584 3.0362185026
9128415 3.03427862397
8826957 3.03133409478
11399075 3.03068234799
10712794 3.02912887454
11343655 3.02912887454
10048027 3.02912887454
7743515 3.02876131692
10229706 3.02782481841
9110995 3.02134067233
10678620 3.02134067233
9759731 3.02062375041
10391249 3.02062375041
11861804 3.01395630091
11238958 3.01299079382
10533286 3.01216625356
8700802 3.01216625356
9496785 3.01216625356
8537055 3.01216625356
10323090 3.01148484278
7569807 3.00977140488
12191969 3.00660793733
12797454 3.00497471033
12496260 3.00375598507
9815121 3.00375598507
10543995 3.00375598507
7508204 2.99929531888
12925520 2.99839579532
7918747 2.99703998088
12731662 2.99597742458
10708862 2.99539255042
10864326 2.99201818536
8973361 2.99201818536
9370233 2.99201818536
7543567 2.99071457436
9312010 2.98707555951
11070098 2.98707555951
10766873 2.98707555951
11139339 2.98707555951
12813045 2.98707555951
7790073 2.98477627911
11451566 2.97918068264
11351281 2.97880462654
8865261 2.97880462654
10932009 2.97057936998
9852306 2.97057936998
11809697 2.96325938451
10603125 2.9623994125
11226849 2.95980254515
12507302 2.95860349932
7970701 2.9542643809
10224887 2.9542643809
7567973 2.95023517312
11747620 2.94715796092
12444540 2.94617390609
8955129 2.94617390609
10452942 2.94617390609
9280168 2.94617390609
11055900 2.94206805147
9368387 2.938127623
10436009 2.938127623
9639678 2.93504817035
9493957 2.93504817035
7724603 2.93504817035
10074458 2.93343678624
11811951 2.93012517055
11841292 2.93012517055
11447995 2.93012517055
9733728 2.92839236592
10806067 2.92839236592
11278314 2.92807909881
10376575 2.92647024755
11593055 2.92219016051
9491072 2.92216619156
12944490 2.92216619156
9918513 2.92184671639
12518990 2.92184671639
10075728 2.92114304405
9427614 2.92114304405
12740389 2.91425033275
8632166 2.91423977198
12153140 2.91383580038
9205064 2.91021616722
12058277 2.90637724463
10430906 2.90637724463
8023840 2.90637724463
11751423 2.90374018102
9563500 2.89893917822
11733218 2.89893917822
12861024 2.89854658149
9294614 2.89854658149
11389800 2.89854658149
9506596 2.89836562859
12619165 2.89156908391
11029445 2.89075800134
9312022 2.89075800134
11520558 2.888588626
7729370 2.88614023578
11481482 2.88125588591
7622481 2.88020711248
8833451 2.87540929858
11937029 2.8753057403
10518943 2.8753057403
11520279 2.8753057403
9062684 2.8753057403
10713137 2.87495174812
10411108 2.87350255088
12736760 2.87350255088
9460744 2.87350255088
10410966 2.87349574281
9914469 2.87349574281
12221002 2.86681557767
10428774 2.86681557767
9544818 2.86378701889
11810042 2.86338609554
11876551 2.86158309722
9163689 2.86158309722
7853720 2.86016639995
9705090 2.86016639995
11006336 2.86001779796
12621041 2.86001779796
10671454 2.86001779796
8305787 2.85566037558
11117532 2.85354799454
9858555 2.85354799454
10865821 2.85243462942
9539132 2.8469601483
7907091 2.8469601483
12048239 2.8469601483
11121124 2.84652870054
8203459 2.84489156718
10948187 2.84040265007
11773092 2.83803840454
11255249 2.83738829391
9470428 2.83513825419
10449029 2.83229909446
8867021 2.82992449562
8771792 2.82992449562
8598558 2.82992449562
11006266 2.8294771471
12384529 2.82924080986
9145801 2.82924080986
10203025 2.82853006448
10207053 2.82737786268
9006072 2.82477105231
10471731 2.8224998616
11444802 2.8224998616
11591456 2.8209101608
7600565 2.8209101608
7615682 2.81728292204
11857676 2.81511408441
10783327 2.81511408441
10318894 2.81511408441
12962547 2.81487799471
10994546 2.80914683618
10855952 2.80914683618
12947384 2.80806312301
7479028 2.80776685981
12525704 2.80776685981
11705990 2.80705700545
9782314 2.80705700545
10194853 2.80705700545
7612014 2.80150737658
9815800 2.80150737658
9555645 2.7931868672
9878823 2.7931868672
10982831 2.78901048341
11193808 2.78774562625
11731429 2.78645369229
9115293 2.78595350639
10428867 2.78595350639
8668125 2.78595350639
10215040 2.78595350639
10447591 2.78595350639
10516285 2.78595350639
11640872 2.78498937491
12746846 2.78271692799
12297500 2.78271692799
11460167 2.77875751248
9157970 2.77875751248
11160957 2.77021464482
8089103 2.77021464482
9446603 2.77021464482
9660395 2.7644764731
11466417 2.76326600657
11157409 2.75859770156
10516713 2.75788801323
11716118 2.75788801323
10407185 2.75782420052
10880343 2.75739085889
10411321 2.75167045003
11523056 2.75167045003
10064333 2.75034147401
10564872 2.75034147401
8270144 2.74807709628
9165118 2.74807709628
10629055 2.7455441011
10890721 2.74332804132
9548366 2.74098954903
11698596 2.73944497111
10200523 2.73745946734
8524217 2.73658376067
11696557 2.73635028647
9730810 2.73635028647
11406273 2.73635028647
7700002 2.72940793791
9670994 2.72940793791
8806095 2.72732764556
10200054 2.7260545885
7838160 2.7260545885
12601152 2.72250072683
12363385 2.72250072683
9003062 2.72130909279
12478472 2.71994457649
11429213 2.71705026711
8165054 2.71562838715
9588077 2.71562838715
10949530 2.71562838715
10625648 2.71041187711
10362118 2.70935132605
9864036 2.70609321456
9681467 2.70609321456
11007884 2.70198727099
12620293 2.70043242223
10955790 2.69923279322
12730957 2.69521797559
7763336 2.69494766421
12606179 2.69161042533
11522668 2.69161042533
8878481 2.68983206584
11311341 2.68983206584
12393804 2.6889761462
9230885 2.68515137853
8684485 2.68473585172
11738175 2.68221052315
11294384 2.68221052315
8653866 2.68178063228
9781063 2.68178063228
11522826 2.68178063228
12495014 2.68178063228
12384184 2.67991167257
12534843 2.67827412114
10960044 2.67511208084
11099722 2.67511208084
14612404 2.67511208084
12766151 2.67511208084
10751691 2.67460113718
9740795 2.67209482964
9034717 2.6695624193
11069295 2.66847661136
7568287 2.6683141741
10611368 2.6683141741
10226053 2.66791636608
9104039 2.66454265074
11595179 2.66205515014
10788441 2.6595417248
9918202 2.65870497073
8020474 2.65681662102
11237680 2.65530393842
7536733 2.65530393842
11285283 2.6545595356
11081774 2.65038765733
10554562 2.64876625108
10952219 2.64743935207
10870973 2.64546879693
9413836 2.64465094776
11336076 2.64226067786
11510761 2.64226067786
10994779 2.64226067786
7632955 2.63975488098
12056812 2.63972434126
10468606 2.63972434126
9427841 2.63578698273
9214650 2.63578698273
11735297 2.62992598926
11219605 2.62992598926
10409634 2.62992598926
10506150 2.62934493193
11035725 2.62850161123
9041854 2.62850161123
9529626 2.62505404048
10494086 2.62505404048
8631304 2.62020010894
11256746 2.62020010894
10646885 2.62020010894
9457059 2.62020010894
7623812 2.62020010894
12025813 2.61734387953
11395864 2.61296752752
10914688 2.61180046105
10606668 2.60574542378
10629064 2.60388857665
10094397 2.60388857665
8248028 2.60388857665
9395239 2.60388857665
10567911 2.60336644397
11221893 2.60249584291
10064815 2.60078377125
10589845 2.59760132033
8841986 2.59619724369
9765589 2.59619724369
11441651 2.59144934605
12462067 2.59144934605
8176259 2.59134435285
11139989 2.59134435285
9361294 2.58671878253
9881706 2.58671878253
7623837 2.58511745586
11904416 2.58511745586
10446938 2.58511745586
8649806 2.58200545836
14572796 2.58200545836
12054902 2.58200545836
8875239 2.58200545836
7984055 2.58200545836
12169209 2.5789204131
9778350 2.5789204131
14521963 2.57730927948
7765697 2.57730927948
10391900 2.57730927948
9194805 2.57498191613
10525165 2.57275301038
11095729 2.5726301525
9684289 2.56885933172
11471164 2.56796798472
11101292 2.56661503557
10214980 2.56661503557
10942599 2.56661503557
10399868 2.565657454
12454517 2.56563849103
11763242 2.56332268411
12014383 2.56254537148
11940647 2.56050627853
11517269 2.56050627853
8909296 2.55962137927
10867785 2.55905280313
9950259 2.55442653115
11524161 2.55408231956
8921845 2.55408231956
11585745 2.54837558727
9721279 2.54837558727
8798653 2.54837558727
12578834 2.54837558727
12388757 2.54837558727
9030515 2.54490833577
11059777 2.54490833577
8652182 2.54490833577
11903315 2.54490833577
12505627 2.54235324267
12810952 2.54235324267
9003414 2.54181557375
8791483 2.53808489937
11338401 2.5363592951
9287157 2.5363592951
10892568 2.5363592951
9020086 2.53127026766
8903606 2.53039354415
11805121 2.52675666966
8990217 2.52675666966
12468767 2.52445579135
9989822 2.52445579135
9647302 2.52445579135
7531086 2.52003009439
11848618 2.51854584004
9864379 2.5177775922
10635036 2.5177775922
10079068 2.51331194204
7657168 2.51331194204
8549951 2.51331194204
11803456 2.51266349544
10087619 2.51109867589
11139088 2.51109867589
9620766 2.51109867589
9854084 2.51108051083
8522310 2.50886210482
8842352 2.50680856455
8203453 2.50442799669
9102205 2.50442799669
11223915 2.50442799669
12006616 2.50442799669
8895455 2.50223034275
12664848 2.50223034275
12440809 2.5000095344
10671447 2.49560663528
11517266 2.49518018093
11718065 2.49518018093
11506907 2.49121921726
10525535 2.49048167247
12928915 2.48940635112
7597299 2.48940635112
10980597 2.48684719882
10599890 2.48684719882
12572662 2.48370180263
9489536 2.48365918082
12379331 2.48249049903
10473805 2.47814903753
9407957 2.47793848583
12435858 2.47637727699
10322354 2.47599724177
8259518 2.47599724177
11295250 2.47224408361
7802867 2.46951151069
10078922 2.46951151069
10101207 2.46737468238
9705497 2.46657579331
10573225 2.46657579331
10588954 2.46657579331
10557065 2.4652152874
8566063 2.46093398648
8208247 2.46093343574
11954790 2.46093343574
12361188 2.46093343574
9740716 2.45881197
10870965 2.45666753031
9676019 2.45311910028
12067384 2.45241584183
9484773 2.45241584183
10087620 2.45030848371
8782825 2.44817884449
10075695 2.44817884449
8903598 2.44817884449
10550414 2.4460223173
10483053 2.44416019188
9103213 2.44395646227
12935535 2.44190051363
7494864 2.44186361114
9656816 2.44186361114
9770464 2.43974861969
7513186 2.43974861969
9425001 2.43974861969
10199867 2.43635717499
10754314 2.43555524178
12935416 2.43347674836
9653513 2.43347674836
8744539 2.43347674836
8599584 2.43345968896
11888904 2.43310448047
11108720 2.43310448047
11708318 2.43137625408
8307778 2.43137625408
10975282 2.4276140465
11960995 2.4276140465
11006212 2.4276140465
10529791 2.42514729968
9576483 2.42214833567
11596779 2.42214833567
11370242 2.42214833567
10713370 2.41892489528
10958656 2.41892489528
11924049 2.41687467756
11017081 2.41480273399
14517299 2.41480273399
8652120 2.41480273399
12919963 2.41129041847
11844796 2.41129041847
9859996 2.41069459819
10048489 2.40865830242
11245490 2.40319504698
8639570 2.40252011771
8889370 2.40052941377
9061613 2.40052941377
12544661 2.40052941377
7731139 2.39440088794
11158302 2.39440088794
12548572 2.39056379036
11017915 2.39036181733
10398417 2.39036181733
8648331 2.38986402986
12637697 2.38986402986
11124579 2.38633635064
7515902 2.38633635064
8827075 2.38633635064
12946703 2.38456679829
11259469 2.38456679829
9846986 2.38232441925
8695766 2.37634395276
12651858 2.37534891944
8296188 2.37434089024
8900044 2.37434089024
8878393 2.37404247341
12807884 2.37404247341
12663988 2.37404247341
14557747 2.37036915767
8838228 2.3684003895
12648674 2.3684003895
12957508 2.36641069053
12427128 2.36623318146
12194796 2.36361063889
10572039 2.36246542247
12521276 2.36246542247
12637148 2.36050975627
7509310 2.36050975627
10981039 2.36050975627
10549166 2.36050975627
11351135 2.35853328757
9743236 2.35842902534
9283080 2.35842902534
9334287 2.35718714187
12934111 2.35267152579
12767076 2.35070815583
9457064 2.35070815583
12632340 2.34681502935
7517145 2.34681502935
11240560 2.34488517776
9599014 2.34488517776
9592180 2.34488517776
9329686 2.34301960643
10068483 2.34301960643
8886984 2.34301960643
10922410 2.34301960643
12763028 2.33715019877
8937828 2.33715019877
10706406 2.33137062688
8078471 2.32946608213
7749512 2.32946608213
11165779 2.32946608213
7951048 2.32946608213
11309360 2.32781024342
9829969 2.32754123649
11912257 2.3237244054
10878595 2.3237244054
9852204 2.32183232781
7953896 2.31992007192
9774362 2.3168377192
10322634 2.31424844231
10506758 2.31424844231
9327760 2.31279706554
12531387 2.31234865305
8571670 2.31049847408
11404150 2.3085814463
10510675 2.3085814463
11424093 2.30783561494
12469184 2.30783561494
9413204 2.30671393856
14599767 2.30671393856
10632363 2.30482649441
7559523 2.30482649441
11997466 2.30108373769
8158003 2.2992283358
8919809 2.2992283358
9798412 2.2992283358
10422627 2.29363457288
8794836 2.29307816705
7883193 2.2917911595
10406002 2.28992804731
11121482 2.2882008692
12837761 2.2882008692
12396017 2.2882008692
12461745 2.28623348194
10441202 2.28623348194
9763652 2.28440194125
9924799 2.28440194125
10824859 2.28440194125
11281316 2.283344275
11177407 2.28255081898
8754804 2.28255081898
11240021 2.27706021867
7764562 2.27706021867
9668341 2.27706021867
8836201 2.26976553528
9270069 2.26976553528
11745902 2.26889740436
12087994 2.26889740436
12089242 2.26889740436
7657708 2.26251744046
9344671 2.26251744046
12791981 2.26251744046
11042290 2.26251744046
11498783 2.26070160158
7557402 2.2553154893
10648163 2.24993310584
11368899 2.24991690642
12036978 2.24833686855
8109837 2.24815924255
12470990 2.24815924255
11084372 2.24104826654
9797782 2.24104826654
9230703 2.24104826654
10797484 2.24104826654
11587529 2.24104826654
10804594 2.24104826654
11110692 2.23926671182
11728179 2.23743601629
10945604 2.23398213302
10199214 2.23398213302
10779639 2.23398213302
9666006 2.23398213302
9232596 2.23398213302
11295280 2.23398213302
8977549 2.23398213302
9030518 2.22870097424
11429482 2.22696041917
7570017 2.22696041917
11137290 2.22696041917
8697423 2.22696041917
10514831 2.22663323597
11751908 2.2220342117
11675412 2.22171236804
9695811 2.21998270744
11969286 2.218234475
12203738 2.21304858552
10064544 2.21304858552
7646487 2.21304858552
11556078 2.21304858552
8985178 2.21304858552
10546893 2.20615764621
12639805 2.20100707131
10548481 2.19930948738
7809080 2.19930948738
8669075 2.19930948738
9671232 2.19483414478
11076011 2.19250371189
11572779 2.19250371189
10668131 2.19250371189
10559499 2.19250371189
8159614 2.19250371189
10213389 2.1907984743
10913087 2.19036541027
11912146 2.19036541027
7815814 2.18573992748
8922485 2.18573992748
11733180 2.18573992748
12223315 2.18573992748
12565999 2.18573992748
7541646 2.17901774672
8624096 2.17901774672
12951416 2.17901774672
12192858 2.17901774672
9739014 2.17233678693
11820643 2.17233678693
9533415 2.16829194054
8645286 2.16569667012
10655490 2.16569667012
10790127 2.16569667012
7586197 2.16393052625
10969799 2.16073307357
7524063 2.15909702291
10025402 2.15909702291
9624528 2.15909702291
7643528 2.15909702291
11967953 2.15908802719
10961428 2.15253747643
9232808 2.15253747643
8030680 2.15253747643
10188079 2.15253747643
7701324 2.15253747643
8707298 2.14601766631
11382364 2.14601766631
11741579 2.14601766631
12595762 2.14238401747
10023546 2.13953723256
12658281 2.13953723256
12567473 2.13953723256
11462757 2.13791335948
9562974 2.1346926882
9865717 2.13309581954
8539650 2.13309581954
12057191 2.13309581954
7606777 2.13309581954
11927939 2.13309581954
11106684 2.12966084852
9856859 2.12966084852
12628186 2.12669307587
8694780 2.12669307587
9292884 2.12669307587
10638195 2.12032865439
11097930 2.12032865439
8889604 2.12032865439
8080430 2.12032865439
9332663 2.12032865439
9194562 2.12032865439
10190484 2.11400221206
11092201 2.11400221206
8947284 2.11400221206
12631194 2.11400221206
8630020 2.10771340994
10656795 2.10771340994
12431837 2.10771340994
9990040 2.10146191311
10822271 2.10146191311
11211234 2.0952473906
10347557 2.0952473906
10498877 2.0952473906
10618515 2.0952473906
12766778 2.0952473906
9292886 2.0952473906
11922767 2.0952473906
9264468 2.08906951536
11996655 2.08906951536
12218656 2.08906951536
10828889 2.08906951536
12149244 2.08906951536
10567070 2.08832052445
11138606 2.08292796417
11020224 2.08292796417
12502886 2.08292796417
8297539 2.08024431137
12034528 2.07682241761
11066058 2.07682241761
8156997 2.07682241761
12500542 2.07682241761
8049468 2.07682241761
12354605 2.07075256
10402200 2.07075256
7513291 2.07075256
11432835 2.07075256
12055639 2.07075256
7533987 2.07075256
11024475 2.07075256
7589738 2.06471807932
9235686 2.06471807932
10078061 2.06471807932
9480784 2.06471807932
9259833 2.06471807932
8892058 2.06471807932
9990853 2.06471807932
10799272 2.06471807932
12408989 2.06471807932
9216715 2.06471807932
8267620 2.06471807932
7794763 2.06471807932
12176143 2.06471807932
9592986 2.05881521961
8302158 2.05871866719
11498002 2.05871866719
9835551 2.05871866719
12651891 2.05871866719
11591888 2.05668589158
8858161 2.05423282086
11439340 2.05275401881
8563751 2.05275401881
9085565 2.05275401881
8880867 2.05275401881
10899434 2.05275401881
11150865 2.05275401881
12359984 2.04855460984
10611307 2.04682383288
9502232 2.04682383288
12020772 2.04682383288
11024181 2.04682383288
8833437 2.04682383288
12469133 2.04682383288
11518842 2.04466115479
11574687 2.0409278116
10419986 2.0409278116
10915844 2.0409278116
9797185 2.0409278116
8967522 2.0409278116
9792626 2.0409278116
10395791 2.0409278116
12530016 2.0409278116
10767626 2.0409278116
11997447 2.03506566056
12706072 2.03506566056
12109876 2.02923708876
11278302 2.02923708876
10649496 2.02923708876
7951320 2.02923708876
8841969 2.02923708876
10200485 2.02923708876
9399509 2.02923708876
12601175 2.02923708876
8889501 2.02344180848
9845766 2.02344180848
9209381 2.02344180848
10557106 2.02344180848
8058122 2.01910821628
10425202 2.01767953533
10733590 2.01767953533
10411315 2.01767953533
10924769 2.01767953533
11893834 2.01767953533
11562742 2.01767953533
11291528 2.01767953533
10928103 2.0119499881
10197599 2.0119499881
11694307 2.0119499881
11923210 2.0119499881
12661036 2.0119499881
11124894 2.0119499881
8994186 2.0119499881
9605747 2.00625288879
8554672 2.00625288879
10557206 2.00625288879
11134008 2.00625288879
9769943 2.00625288879
11578774 2.00058796254
9636316 2.00058796254
7551947 2.00058796254
11835671 2.00058796254
11684448 2.00058796254
12379659 2.00058796254
11801602 1.99635160691
8884748 1.99495493759
8898327 1.99495493759
9584095 1.99495493759
7487082 1.99495493759
7524899 1.99495493759
10918596 1.99495493759
12820959 1.98935354521
10922375 1.98935354521
11226162 1.98935354521
9733780 1.98935354521
12027448 1.98935354521
12374740 1.98935354521
7864900 1.98935354521
11962616 1.98935354521
8817879 1.98935354521
10373536 1.98935354521
11280790 1.98798606535
8766720 1.98378351971
14580778 1.98378351971
12442174 1.98378351971
10948566 1.98378351971
7542909 1.98378351971
9692860 1.98378351971
11146650 1.97824459833
12011937 1.97824459833
8631760 1.97824459833
9315298 1.97273652128
11355342 1.97273652128
8022259 1.97273652128
12198550 1.97273652128
7721824 1.96725903163
12688533 1.96725903163
9819147 1.96725903163
7923116 1.96725903163
11931631 1.96725903163
7617649 1.96181187528
10930067 1.96181187528
12145286 1.96181187528
11522817 1.96181187528
9721442 1.96181187528
9516854 1.96181187528
9570138 1.96181187528
8652146 1.96181187528
9678242 1.96181187528
11986756 1.96181187528
10974409 1.9590253259
7877648 1.95773798196
9841641 1.95639480098
9041173 1.95639480098
9886090 1.95639480098
8618443 1.95639480098
10207044 1.95639480098
11193143 1.95639480098
11342217 1.95639480098
9715270 1.95639480098
7733622 1.95234335153
7606649 1.95100756021
11137137 1.95100756021
8143342 1.95100756021
7513292 1.95100756021
10852864 1.95100756021
11222086 1.94838140706
9293447 1.94697836967
10973264 1.94564990719
10642753 1.94564990719
9480811 1.94564990719
11163756 1.94564990719
10777666 1.94564990719
10485890 1.94564990719
9332326 1.94564990719
12824179 1.94564990719
12054904 1.94564990719
12019224 1.94564990719
12165731 1.94564990719
9169194 1.94032159884
11737944 1.94032159884
8929274 1.94032159884
11562786 1.94032159884
7847793 1.94032159884
11607826 1.94032159884
8668206 1.94032159884
9798979 1.94032159884
9504423 1.94032159884
7559667 1.94032159884
9878795 1.94032159884
10233843 1.93633637932
10769755 1.93502239473
10082548 1.93502239473
8993035 1.93502239473
12438735 1.93502239473
7624149 1.93502239473
9532457 1.93502239473
10943552 1.93502239473
10326589 1.93502239473
9316155 1.93502239473
10656299 1.93502239473
7743492 1.92975205706
12082025 1.92975205706
10490600 1.92975205706
8629105 1.92975205706
10654941 1.92975205706
10376152 1.92975205706
10751153 1.92975205706
10631683 1.92975205706
11776515 1.92975205706
11554305 1.92975205706
12202987 1.92975205706
12637955 1.92451035059
12475170 1.92451035059
10521394 1.92451035059
12619107 1.92451035059
12036948 1.92058975015
9731531 1.91929704264
10761921 1.91929704264
11676291 1.91929704264
11214938 1.91929704264
11433026 1.91929704264
8679442 1.91929704264
11908672 1.91929704264
12628926 1.91929704264
10545699 1.91929704264
7576959 1.91411190306
10320929 1.91411190306
9813003 1.91411190306
10200050 1.91411190306
9297629 1.91411190306
7747022 1.91411190306
10071711 1.91411190306
9734781 1.91411190306
10471275 1.91411190306
10728681 1.91411190306
8289365 1.91411190306
10523705 1.91411190306
10509383 1.91411190306
11848411 1.91411190306
12845333 1.90895470417
11172440 1.90895470417
9858871 1.90895470417
12676926 1.90895470417
12040181 1.90895470417
11564891 1.90895470417
8585991 1.90895470417
10898960 1.90895470417
10903346 1.90895470417
10206645 1.90895470417
10403716 1.90895470417
11036938 1.90509716379
11375889 1.90382522072
11788090 1.90382522072
8600029 1.90382522072
7852994 1.90382522072
9045704 1.90382522072
9020379 1.90382522072
9733904 1.89872322989
8142618 1.89872322989
9612365 1.89872322989
12519199 1.89872322989
8730783 1.89872322989
11438655 1.89872322989
7977360 1.89872322989
10627600 1.89872322989
11266125 1.89364851126
9502788 1.89364851126
11371515 1.89364851126
10880481 1.89364851126
9462690 1.89364851126
9832511 1.89364851126
7830899 1.89364851126
12420228 1.89364851126
9375918 1.88860084672
8625266 1.88860084672
12004060 1.88860084672
11949842 1.88860084672
10684252 1.88860084672
9508246 1.88860084672
8760302 1.88860084672
10572187 1.88860084672
9933636 1.88860084672
10815937 1.88860084672
10961431 1.88482504699
10799563 1.88358002051
10403820 1.88358002051
11526513 1.88358002051
12168105 1.88358002051
9013568 1.88358002051
12805369 1.88358002051
9863710 1.87858581915
8766513 1.87858581915
9362471 1.87858581915
7564468 1.87858581915
10837140 1.87858581915
7736799 1.87858581915
12353948 1.87858581915
8808684 1.87361803142
12582250 1.87361803142
9582269 1.87361803142
7967737 1.87361803142
11069033 1.87361803142
10449033 1.87046693694
9629521 1.86867644832
10845115 1.86867644832
8875708 1.86867644832
10364505 1.86867644832
8269085 1.86376086306
9706718 1.86376086306
8522331 1.86376086306
8758937 1.86376086306
10818499 1.86376086306
12504805 1.86376086306
10224093 1.86376086306
9694320 1.85887107101
12225912 1.85887107101
12242723 1.85887107101
9020845 1.85887107101
7592868 1.85887107101
9765275 1.85887107101
8741217 1.85887107101
9733749 1.85887107101
10870117 1.85887107101
9382734 1.85400686969
9012803 1.85400686969
9339270 1.85400686969
9761761 1.85400686969
9751196 1.85400686969
10405324 1.85400686969
9651685 1.85400686969
10506086 1.85400686969
12057762 1.85400686969
9857019 1.84916805873
10938085 1.84916805873
12883632 1.84916805873
8798778 1.84916805873
10208419 1.84916805873
7724564 1.84916805873
11104904 1.84916805873
11352596 1.84435443985
7559507 1.84435443985
10733571 1.84435443985
10597225 1.84435443985
11376036 1.84435443985
11714696 1.83956581681
7630639 1.83956581681
12438698 1.83956581681
14586398 1.83956581681
12543072 1.83956581681
11700304 1.83956581681
10498679 1.83956581681
14510700 1.83956581681
8883941 1.83956581681
9547223 1.83956581681
10471509 1.83956581681
10859313 1.83480199545
10086737 1.83480199545
7861134 1.83480199545
8289454 1.83480199545
12967349 1.83480199545
11703666 1.83480199545
10449727 1.83480199545
10081492 1.83480199545
11846230 1.83480199545
7599784 1.83480199545
7580930 1.83480199545
10592042 1.83480199545
8622881 1.83480199545
11598188 1.83006278355
11327877 1.83006278355
9639581 1.83006278355
8627338 1.83006278355
10716661 1.83006278355
7532276 1.83006278355
11123310 1.82534799093
14573822 1.82534799093
10099832 1.82534799093
9568045 1.82534799093
10571685 1.82534799093
11585915 1.82534799093
12217648 1.82534799093
12182322 1.82534799093
9358288 1.82534799093
11323438 1.82534799093
11368362 1.82534799093
9045618 1.82065742934
9916921 1.82065742934
12625508 1.82065742934
10611312 1.82065742934
14511117 1.82065742934
12063165 1.82065742934
12052092 1.82065742934
11279180 1.81599091245
12135565 1.81599091245
7627928 1.81599091245
9324049 1.81599091245
10066767 1.81599091245
10733526 1.81599091245
9748228 1.81599091245
10987655 1.81134825585
8988667 1.81134825585
10778750 1.81134825585
12736201 1.81134825585
11809724 1.81134825585
9478272 1.81134825585
10823886 1.81134825585
9788608 1.81134825585
9045075 1.81134825585
12809803 1.81134825585
12827501 1.81134825585
7733303 1.81134825585
10973592 1.81134825585
9713503 1.81134825585
7585647 1.806729277
10441331 1.806729277
9584121 1.806729277
9771488 1.806729277
12848902 1.806729277
10811821 1.806729277
9062339 1.806729277
11159745 1.806729277
9786865 1.806729277
11706935 1.806729277
11934740 1.80213379524
9329691 1.80213379524
10217264 1.80213379524
9395070 1.80213379524
11796154 1.80213379524
9988275 1.80213379524
10541550 1.80213379524
10713062 1.80213379524
11943723 1.80213379524
8898389 1.80213379524
11494156 1.79756163172
11281652 1.79756163172
12213815 1.79756163172
10473623 1.79756163172
11137288 1.79756163172
11401727 1.79756163172
8917664 1.79756163172
9815926 1.79756163172
11778683 1.79756163172
10350454 1.79756163172
8111736 1.79756163172
12886520 1.79756163172
10427145 1.79756163172
10400708 1.79756163172
12771027 1.79756163172
7742387 1.79301260941
9342439 1.79301260941
9236214 1.79301260941
10940786 1.79301260941
9077533 1.79301260941
11777824 1.79301260941
10101135 1.79301260941
9588803 1.78848655306
7953555 1.78848655306
11101633 1.78848655306
12244572 1.78848655306
8734143 1.78848655306
8306895 1.78848655306
11424621 1.78848655306
11778901 1.78510009284
14597160 1.7839832892
12083513 1.7839832892
12634868 1.7839832892
7720589 1.7839832892
9687510 1.7839832892
12117251 1.7839832892
9478941 1.7839832892
7624129 1.77950264608
10952887 1.77950264608
10993896 1.77950264608
7550352 1.77950264608
10493721 1.77950264608
8551036 1.77950264608
10334192 1.77950264608
7624117 1.77950264608
9769944 1.77950264608
11042679 1.77950264608
14599308 1.7750444537
9843573 1.7750444537
8889582 1.7750444537
12144547 1.7750444537
10401676 1.7750444537
10419695 1.77060854373
11377710 1.77060854373
11986224 1.77060854373
10926545 1.77060854373
12093899 1.77060854373
10525340 1.77060854373
8940425 1.77060854373
12876075 1.77060854373
10408806 1.76619474954
12367619 1.76619474954
9893636 1.76619474954
10512865 1.76619474954
12170781 1.76619474954
8595822 1.76619474954
10773133 1.76180290615
9555025 1.76180290615
11042197 1.76180290615
10922372 1.76180290615
7675542 1.76180290615
9733103 1.76180290615
11585828 1.76180290615
10688641 1.76180290615
9205051 1.75743285022
10574969 1.75743285022
7534226 1.75743285022
8730773 1.75743285022
9639701 1.75743285022
10418828 1.75743285022
10556296 1.75743285022
12438247 1.75743285022
8557666 1.75743285022
12655055 1.75308442001
9681825 1.75308442001
9627061 1.75308442001
10811804 1.75308442001
8763629 1.75308442001
11042339 1.75308442001
8899655 1.75308442001
9824199 1.75308442001
11574569 1.74875745541
12022389 1.74875745541
8581514 1.74875745541
8887655 1.74875745541
7605907 1.74875745541
9224658 1.74875745541
11846482 1.74875745541
8841192 1.74445179785
9458116 1.74445179785
10877778 1.74445179785
11279932 1.74445179785
9973276 1.74445179785
8956039 1.74445179785
10980595 1.74445179785
11008016 1.74445179785
9520109 1.74445179785
9950196 1.74445179785
10644793 1.74445179785
9621435 1.74016729034
12052903 1.74016729034
10882424 1.74016729034
12861027 1.74016729034
12788204 1.74016729034
11082511 1.74016729034
10891491 1.74016729034
9748278 1.74016729034
10748158 1.74016729034
10872473 1.73696117724
8084582 1.73590377742
11191278 1.73590377742
10431691 1.73590377742
12811988 1.73590377742
11371552 1.73590377742
11555596 1.73590377742
11297767 1.73590377742
11689684 1.73590377742
10233972 1.73166110517
11217438 1.73166110517
9861196 1.73166110517
11161473 1.73166110517
9737546 1.73166110517
8164678 1.73166110517
12507910 1.73166110517
11844476 1.73166110517
9768360 1.73166110517
12210333 1.72743912113
12890810 1.72743912113
11447826 1.72743912113
7759602 1.72743912113
12836614 1.72743912113
10469450 1.72743912113
11181451 1.72743912113
9482579 1.72743912113
11211307 1.72323767437
9460714 1.72323767437
9774689 1.72323767437
11965540 1.72323767437
11350824 1.72323767437
10706874 1.72323767437
9482574 1.72323767437
10828062 1.71905661538
12232780 1.71905661538
9108109 1.71905661538
11135431 1.71905661538
7512981 1.71905661538
12517075 1.71905661538
12647307 1.71489579614
9838922 1.71489579614
8988489 1.71489579614
9242212 1.71489579614
12397641 1.71489579614
11821507 1.71075507003
9827925 1.71075507003
10227392 1.70663429185
8994824 1.70663429185
11289118 1.70663429185
11682539 1.70663429185
11445269 1.70663429185
10629550 1.7025333178
10561284 1.7025333178
12637543 1.7025333178
8130121 1.7025333178
11074002 1.7025333178
10828044 1.7025333178
10361906 1.7025333178
9480875 1.7025333178
11983683 1.7025333178
12871946 1.7025333178
12063389 1.7025333178
10366627 1.69845200546
12899826 1.69845200546
11506490 1.69845200546
11477657 1.69845200546
11095667 1.69439021376
11232243 1.69439021376
12522000 1.69439021376
11050004 1.69439021376
10818507 1.69439021376
11559543 1.69439021376
8180374 1.690347803
9753087 1.690347803
8922678 1.690347803
14562023 1.690347803
9341879 1.690347803
8893822 1.690347803
11423347 1.690347803
10887185 1.68632463479
8875958 1.68632463479
11756653 1.68632463479
7823963 1.68632463479
7909843 1.68632463479
8988002 1.68632463479
7511336 1.68632463479
10676853 1.68632463479
7632759 1.68232057205
12030435 1.68232057205
9689110 1.68232057205
11016642 1.68232057205
11272134 1.68232057205
9330608 1.68232057205
11238738 1.67833547901
12850058 1.67833547901
9585611 1.67833547901
10686529 1.67833547901
11682503 1.67833547901
11880427 1.67833547901
7856753 1.67833547901
10896788 1.6743692212
10762014 1.6743692212
10576193 1.6743692212
10096970 1.6743692212
10887131 1.6743692212
11865063 1.6743692212
12786818 1.6743692212
10084280 1.67042166538
10597302 1.67042166538
12952888 1.67042166538
7729825 1.67042166538
8651293 1.67042166538
9535179 1.67042166538
11981761 1.67042166538
10226602 1.66649267959
10594348 1.66649267959
10966441 1.66649267959
9764822 1.66649267959
14500784 1.66649267959
11746453 1.66649267959
10379580 1.6625821331
10791772 1.6625821331
9212109 1.6625821331
9707024 1.6625821331
9779826 1.6625821331
11773866 1.6625821331
9973599 1.6625821331
12842827 1.65868989641
10416591 1.65868989641
12614281 1.65868989641
9710638 1.65868989641
10735268 1.65868989641
11698238 1.65868989641
9369317 1.65868989641
9877523 1.65481584123
11503956 1.65481584123
10918613 1.65481584123
9754238 1.65481584123
7516864 1.65095984046
12879965 1.65095984046
12188907 1.65095984046
8837617 1.65095984046
12461645 1.65095984046
14600440 1.65095984046
12213782 1.64712176817
9443402 1.64712176817
10962574 1.64712176817
10359545 1.64712176817
12167722 1.64712176817
11328881 1.64712176817
9785636 1.64330149963
12006650 1.64330149963
8702930 1.64330149963
9804044 1.64330149963
8128405 1.64330149963
7931577 1.64330149963
12409468 1.63949891124
7493339 1.63949891124
7504954 1.63949891124
10354479 1.63949891124
9843429 1.63571388055
11593402 1.63571388055
11937757 1.63571388055
10985759 1.63571388055
12843251 1.63571388055
11075857 1.63571388055
11846426 1.63571388055
10229667 1.63194628624
10677502 1.63194628624
9652388 1.63194628624
8194901 1.63194628624
11590205 1.62819600809
7588051 1.62819600809
10430101 1.62819600809
11604983 1.624462927
8257695 1.624462927
10970729 1.624462927
10103193 1.624462927
10924661 1.624462927
11441012 1.624462927
10799809 1.624462927
9530278 1.624462927
11536051 1.62074692495
12134064 1.62074692495
9115959 1.61704788501
11019486 1.61704788501
11369654 1.61704788501
10702518 1.61704788501
9731708 1.61704788501
10471511 1.61704788501
10647180 1.61336569131
12540563 1.61336569131
9852129 1.60970022901
10469352 1.60970022901
9778503 1.60605138434
9665466 1.60605138434
12699880 1.60241904456
14647472 1.60241904456
10199827 1.60241904456
8616862 1.60241904456
10414339 1.60241904456
11733514 1.59880309792
7608555 1.59880309792
9352931 1.59880309792
11961082 1.59880309792
8128315 1.59880309792
9189035 1.59880309792
9163319 1.59520343371
8878455 1.59520343371
12462448 1.59520343371
9086824 1.59520343371
12719541 1.59520343371
10571045 1.59161994218
11739535 1.59161994218
12865275 1.59161994218
11549578 1.59161994218
7490130 1.59161994218
7862145 1.59161994218
12243347 1.58805251461
10630180 1.58805251461
11068331 1.58805251461
11782291 1.58805251461
9334423 1.58805251461
11169956 1.58805251461
9420209 1.5845010432
12482659 1.5845010432
7887445 1.5845010432
11058080 1.5845010432
12881530 1.5845010432
7531192 1.5845010432
7509449 1.5845010432
10729629 1.58096542114
11992250 1.58096542114
11150315 1.57744554258
14521217 1.57744554258
7710373 1.5739413026
11435472 1.5739413026
10786690 1.57045259719
11279203 1.57045259719
11135358 1.57045259719
11505481 1.57045259719
11430597 1.5669793233
8529641 1.5669793233
10491256 1.5669793233
11163095 1.5669793233
8890772 1.56352137877
7940738 1.56352137877
9105933 1.56007866232
7853855 1.56007866232
9261139 1.56007866232
8709207 1.55665107359
12477251 1.55665107359
9066295 1.55665107359
12571110 1.55665107359
8774147 1.55665107359
12784851 1.55665107359
11159190 1.55323851309
11877682 1.55323851309
12517810 1.55323851309
10582696 1.55323851309
12007439 1.55323851309
8063612 1.5498408822
10753056 1.5498408822
10502286 1.5498408822
9066703 1.5498408822
11125035 1.54309001905
9650962 1.54309001905
11753569 1.54309001905
11754397 1.54309001905
10537319 1.54309001905
10368935 1.53973659382
10666217 1.53973659382
8756618 1.53973659382
12211279 1.53973659382
8180392 1.53639771223
10359544 1.53639771223
10809232 1.53307327989
9737691 1.52976320318
11424088 1.52976320318
14607454 1.52976320318
9417117 1.52646738933
10980115 1.52646738933
11607813 1.52646738933
9021684 1.52646738933
11507767 1.52318574635
8630264 1.52318574635
12719626 1.52318574635
10404513 1.52318574635
9753736 1.52318574635
11156651 1.52318574635
9753672 1.52318574635
7988084 1.52318574635
12481430 1.51991818303
10745024 1.51991818303
10663641 1.51666460897
12057910 1.51666460897
12629508 1.51666460897
8819070 1.51666460897
9117395 1.51666460897
11698294 1.51019907079
12592392 1.51019907079
9461395 1.51019907079
9775403 1.51019907079
9815544 1.50698692967
12389024 1.50698692967
9798912 1.50378842376
12680611 1.50060346645
8906056 1.50060346645
9934751 1.50060346645
10220513 1.49427385469
11442349 1.49427385469
9747876 1.49427385469
8939459 1.49427385469
7511818 1.49427385469
12172574 1.48799741581
8575614 1.48487892726
9516914 1.48177348258
7840898 1.47868100013
9235956 1.47868100013
11375329 1.4756013989
10862152 1.4756013989
11221825 1.46948051953
11279192 1.46643908275
10590481 1.46643908275
12076251 1.46341020991
7949142 1.46039382331
10323450 1.45738984592
10718547 1.45738984592
11034945 1.45738984592
7503987 1.45738984592
11076880 1.4543982013
8841324 1.4543982013
10453946 1.4543982013
9915826 1.45141881367
11546795 1.45141881367
9163673 1.45141881367
11137655 1.44845160785
10068676 1.44845160785
11329531 1.44549650928
11713198 1.44549650928
14555994 1.43962233871
11586036 1.43670312059
8892860 1.43670312059
12446703 1.43670312059
11673588 1.43670312059
11795482 1.4337957175
10742226 1.43090005786
9754175 1.42228283236
9152521 1.42228283236
10821496 1.41943344211
9608639 1.41943344211
11861397 1.41943344211
10072027 1.41943344211
10749995 1.41943344211
8695834 1.41659544592
9518660 1.41376877559
11324819 1.41376877559
10544223 1.41095336345
11340578 1.40814914239
8980296 1.40257400761
9153643 1.40257400761
9285522 1.40257400761
10193934 1.39704284482
9586906 1.39155513582
9661891 1.39155513582
10982018 1.38611037057
10098457 1.38070804693
11257711 1.37802264594
7518021 1.37802264594
7831631 1.37534767059
7985814 1.37268306028
10961423 1.37002875488
9070749 1.36738469473
11087892 1.36475082063
10549354 1.36475082063
10942700 1.36212707382
9766510 1.35431601644
10812966 1.35431601644
8270114 1.34915822439
10027074 1.34403956927
10767621 1.34149477912
7493338 1.33895960731
11476582 1.33643399942
11033083 1.33391790144
12168092 1.33391790144
8075048 1.32891402112
12417732 1.32891402112
10572304 1.32642613277
11377815 1.29728209813
12750264 1.29728209813
11895854 1.29019510514
10322639 1.28551330473
8042410 1.28551330473
11279064 1.28086535968
8570742 1.27166957725
10739703 1.26712102375
12663519 1.26485892729
12584179 1.26260489314
9870926 1.24924760856
12511746 1.24485776354
8652839 1.22547930813
10467523 1.22547930813
10482153 1.22547930813
8822545 1.22336332416
12733424 1.2170589893
12076081 1.15741418507
10026784 1.13698333122
9242288 1.11550222132
10430100 1.11200070278
12382200 1.08476053033
10196666 1.0619971787
11875262 1.05097004414
9878681 0.999099811882
11919388 0.992104817443
