p1,p3,p5,p10,p100,ndcg1,ndcg3,ndcg5,ndcg10,ndcg100,ap1,ap3,ap5,ap10,ap100,ap_full,num_rel,
1.0,1.0,1.0,0.9,0.39,1.0,1.0,1.0,0.9363792118010483,0.5949009732453406,0.0126582278481,0.0379746835443,0.0632911392405,0.113924050633,0.423262667821,0.466162571719,79,
1.0,1.0,0.8,0.9,0.59,1.0,1.0,0.8539316501572937,0.9052116356304493,0.6444498368319044,0.00990099009901,0.029702970297,0.0376237623762,0.0807362879145,0.433941363768,0.58099235913,101,
1.0,1.0,1.0,1.0,0.76,1.0,1.0,1.0,1.0,0.7989230574204372,0.00552486187845,0.0165745856354,0.0276243093923,0.0552486187845,0.362618865672,0.642693159392,180,
0.0,0.0,0.0,0.0,0.13,0.0,0.0,0.0,0.0,0.2848619528589363,0.0,0.0,0.0,0.0,0.0750358072166,0.126320540997,30,
1.0,1.0,1.0,1.0,0.21,1.0,1.0,1.0,1.0,0.8624795501824534,0.0416666666667,0.125,0.208333333333,0.416666666667,0.681614229908,0.691623121331,24,
1.0,1.0,1.0,1.0,0.34,1.0,1.0,1.0,1.0,0.4690943472280303,0.0106382978723,0.031914893617,0.0531914893617,0.106382978723,0.278740514446,0.305457301233,94,
1.0,1.0,1.0,1.0,0.82,1.0,1.0,1.0,1.0,0.8599815712251712,0.00869565217391,0.0260869565217,0.0434782608696,0.0869565217391,0.674948837306,0.871555546649,115,
0.0,0.0,0.2,0.2,0.13,0.0,0.0,0.13120507751234178,0.1487639058405727,0.13874448410985757,0.0,0.0,0.00124223602484,0.00248447204969,0.0180886728802,0.0700803117487,161,
1.0,0.666666666667,0.6,0.4,0.7,1.0,0.7653606369886217,0.6992148198508501,0.5173633627401372,0.7048563951403564,0.00869565217391,0.0173913043478,0.0239130434783,0.0273913043478,0.451788282425,0.61587252784,115,
1.0,0.666666666667,0.4,0.2,0.03,1.0,0.7039180890341347,0.5855700749881525,0.5855700749881525,0.6944638360563847,0.25,0.416666666667,0.416666666667,0.416666666667,0.484848484848,0.491098484848,4,
1.0,1.0,0.8,0.9,0.83,1.0,1.0,0.8539316501572937,0.9052116356304493,0.8534797238769821,0.00900900900901,0.027027027027,0.0342342342342,0.0734627484627,0.682083128647,0.859379270539,111,
1.0,1.0,1.0,1.0,0.73,1.0,1.0,1.0,1.0,0.7789966939921498,0.00390625,0.01171875,0.01953125,0.0390625,0.249812405779,0.625686474776,256,
1.0,1.0,1.0,0.7,0.17,1.0,1.0,1.0,0.7967610662472993,0.7245975961499226,0.0416666666667,0.125,0.208333333333,0.286458333333,0.435240772727,0.448179291702,23,
1.0,0.666666666667,0.4,0.2,0.07,1.0,0.7653606369886217,0.5531464700081437,0.3589542101716347,0.39102865651928687,0.047619047619,0.0952380952381,0.0952380952381,0.0952380952381,0.162441336627,0.169707540396,21,
1.0,0.666666666667,0.4,0.2,0.07,1.0,0.7039180890341347,0.5087403079104241,0.33013764944712026,0.13278064029635506,0.0111111111111,0.0185185185185,0.0185185185185,0.0185185185185,0.0266653895135,0.0799003815663,86,
0.0,0.666666666667,0.8,0.8,0.51,0.0,0.5307212739772434,0.6608397947263839,0.7136540102475308,0.5201201751892628,0.0,0.00793650793651,0.0184807256236,0.0413751214772,0.192756456354,0.351615945603,144,
1.0,0.666666666667,0.4,0.2,0.03,1.0,0.7653606369886217,0.7653606369886217,0.7653606369886217,0.8739415100896553,0.333333333333,0.666666666667,0.666666666667,0.666666666667,0.719298245614,0.719298245614,3,
0.0,0.333333333333,0.2,0.1,0.01,0.0,0.6309297535714575,0.6309297535714575,0.6309297535714575,0.6309297535714575,0.0,0.5,0.5,0.5,0.5,0.5,1,
0.0,0.333333333333,0.2,0.1,0.01,0.0,0.5,0.5,0.5,0.5,0.0,0.333333333333,0.333333333333,0.333333333333,0.333333333333,0.333333333333,1,
1.0,1.0,0.8,0.9,0.66,1.0,1.0,0.8687949224876582,0.914856882358379,0.7124609825579022,0.00862068965517,0.0258620689655,0.0344827586207,0.0720203886152,0.465472255107,0.657805105343,116,
1.0,1.0,1.0,1.0,0.49,1.0,1.0,1.0,1.0,0.6834862747916567,0.0125,0.0375,0.0625,0.125,0.503304597269,0.632564750449,80,
1.0,1.0,1.0,1.0,0.65,1.0,1.0,1.0,1.0,0.7017318039026331,0.0047619047619,0.0142857142857,0.0238095238095,0.047619047619,0.243448897911,0.447491106249,210,
1.0,1.0,1.0,1.0,0.85,1.0,1.0,1.0,1.0,0.8768849558405796,0.00632911392405,0.0189873417722,0.0316455696203,0.0632911392405,0.497225202438,0.77395185509,158,
1.0,1.0,1.0,1.0,0.24,1.0,1.0,1.0,1.0,0.9449119970448414,0.0384615384615,0.115384615385,0.192307692308,0.384615384615,0.902711451444,0.91166389922,26,
1.0,0.333333333333,0.4,0.2,0.17,1.0,0.46927872602275644,0.48522855511632257,0.31488013066763093,0.44228786406627446,0.03125,0.03125,0.046875,0.046875,0.147530087741,0.177678706993,32,
1.0,1.0,1.0,1.0,0.34,1.0,1.0,1.0,1.0,0.7802420891065883,0.0212765957447,0.063829787234,0.106382978723,0.212765957447,0.626674593865,0.650950315965,47,
1.0,1.0,1.0,1.0,0.2,1.0,1.0,1.0,1.0,0.729108821512764,0.0344827586207,0.103448275862,0.172413793103,0.344827586207,0.510068854402,0.538025042573,29,
0.0,0.333333333333,0.4,0.5,0.11,0.0,0.2960819109658652,0.36005461457723403,0.44510108735750953,0.6413529507128706,0.0,0.0384615384615,0.0769230769231,0.192307692308,0.402871638166,0.416280349936,13,
1.0,1.0,1.0,1.0,0.4,1.0,1.0,1.0,1.0,0.9356572659194675,0.0232558139535,0.0697674418605,0.116279069767,0.232558139535,0.851013360673,0.860006498016,43,
1.0,0.666666666667,0.8,0.7,0.21,1.0,0.7653606369886217,0.830419897363192,0.7542686714597936,0.310123035815304,0.00606060606061,0.0121212121212,0.0215151515152,0.0360028860029,0.0856301965394,0.123045401674,165,
1.0,1.0,1.0,1.0,0.75,1.0,1.0,1.0,1.0,0.7956203918011523,0.00724637681159,0.0217391304348,0.036231884058,0.0724637681159,0.48190471662,0.608163854872,138,
1.0,1.0,1.0,1.0,0.95,1.0,1.0,1.0,1.0,0.9541548868897501,0.00201612903226,0.00604838709677,0.0100806451613,0.0201612903226,0.183074993006,0.646577710172,496,
1.0,1.0,1.0,1.0,0.61,1.0,1.0,1.0,1.0,0.9603492448627047,0.015625,0.046875,0.078125,0.15625,0.917185293984,0.923565428467,64,
1.0,0.666666666667,0.8,0.5,0.27,1.0,0.7653606369886217,0.830419897363192,0.6051399156371955,0.7520478737406299,0.0322580645161,0.0645161290323,0.114516129032,0.132437275986,0.421818460007,0.449579136614,31,
1.0,1.0,1.0,1.0,0.91,1.0,1.0,1.0,1.0,0.9308856555097983,0.00369003690037,0.0110701107011,0.0184501845018,0.0369003690037,0.327817133573,0.651511456001,267,
1.0,1.0,0.8,0.9,0.9,1.0,1.0,0.8539316501572937,0.9052116356304493,0.9022782381299941,0.00393700787402,0.011811023622,0.0149606299213,0.0321037995251,0.321204143875,0.639347757546,254,
1.0,1.0,1.0,1.0,0.69,1.0,1.0,1.0,1.0,0.7663783906615861,0.00671140939597,0.0201342281879,0.0335570469799,0.0671140939597,0.453495818585,0.708770389382,149,
1.0,1.0,1.0,1.0,0.81,1.0,1.0,1.0,1.0,0.8465379957998108,0.00236406619385,0.00709219858156,0.0118203309693,0.0236406619385,0.175186958361,0.612572720174,423,
1.0,1.0,1.0,1.0,0.9,1.0,1.0,1.0,1.0,0.9218098165315143,0.00315457413249,0.00946372239748,0.0157728706625,0.0315457413249,0.274104600975,0.737477016996,317,
1.0,1.0,1.0,1.0,0.94,1.0,1.0,1.0,1.0,0.9530766896219772,0.00361010830325,0.0108303249097,0.0180505415162,0.0361010830325,0.332455590999,0.842126016691,277,
1.0,1.0,1.0,0.9,0.98,1.0,1.0,1.0,0.9216017310213247,0.9757354063450634,0.00171821305842,0.00515463917526,0.0085910652921,0.0146409480172,0.163611886188,0.877328401069,568,
1.0,1.0,1.0,1.0,0.94,1.0,1.0,1.0,1.0,0.949764610445234,0.00143472022956,0.00430416068867,0.00717360114778,0.0143472022956,0.129910593785,0.611080048277,656,
1.0,1.0,1.0,1.0,0.76,1.0,1.0,1.0,1.0,0.7851047200022662,0.00512820512821,0.0153846153846,0.025641025641,0.0512820512821,0.310362508101,0.484108463013,194,
1.0,1.0,1.0,1.0,0.94,1.0,1.0,1.0,1.0,0.9382294207868482,0.00154083204931,0.00462249614792,0.00770416024653,0.0154083204931,0.133219714601,0.773320075373,646,
1.0,1.0,1.0,1.0,0.74,1.0,1.0,1.0,1.0,0.7973945469378517,0.00641025641026,0.0192307692308,0.0320512820513,0.0641025641026,0.44295996964,0.620557098952,154,
1.0,1.0,1.0,0.9,0.39,1.0,1.0,1.0,0.933745776545611,0.47800246344513875,0.00507614213198,0.0152284263959,0.0253807106599,0.0451776649746,0.136864758534,0.193135112447,156,
1.0,1.0,1.0,0.9,0.72,1.0,1.0,1.0,0.9266360779006401,0.7539894706884992,0.0027397260274,0.00821917808219,0.013698630137,0.0237366818874,0.158038897712,0.555019073884,365,
1.0,0.333333333333,0.4,0.3,0.12,1.0,0.46927872602275644,0.4703652827859579,0.36885567213865283,0.16335602109630332,0.00645161290323,0.00645161290323,0.00903225806452,0.0109677419355,0.0228235426641,0.0500906084345,148,
1.0,1.0,1.0,1.0,0.54,1.0,1.0,1.0,1.0,0.7872510256461357,0.013698630137,0.041095890411,0.0684931506849,0.13698630137,0.639061333642,0.715897175145,73,
1.0,1.0,1.0,1.0,0.97,1.0,1.0,1.0,1.0,0.9781401352868621,0.00331125827815,0.00993377483444,0.0165562913907,0.0331125827815,0.32057867791,0.813692322875,302,
0.88,0.84,0.812,0.77,0.5136,0.88,0.8626185950714291,0.8488417011144362,0.8236918946804334,0.7121397159896791,0.0221909431429,0.0671370954703,0.084414449004,0.12273872497,0.375362990464,0.553046786126,162,