0.5949009732453406
0.6525587479807544
0.7989230574204372
0.2848619528589363
0.8624795501824534
0.48006272567571434
0.8599815712251712
0.13931592292839262
0.7144356156372355
0.6944638360563847
0.8534797238769821
0.7868912615872613
0.7275898828727634
0.39102865651928687
0.13278064029635506
0.5279457379779553
0.8739415100896553
0.6309297535714575
0.5
0.7209982600356735
0.6834862747916567
0.7018699003986184
0.8768849558405796
0.9457068797495164
0.44228786406627446
0.7802420891065883
0.729599944487031
0.6413529507128706
0.9356572659194675
0.310123035815304
0.7956203918011523
0.9541548868897501
0.9603492448627047
0.7520478737406299
0.9382869947106615
0.9022782381299941
0.7663783906615861
0.8465379957998108
0.9218098165315143
0.9530766896219772
0.9757354063450634
0.949764610445234
0.7851047200022662
0.9382294207868482
0.7816431865472604
0.4811856234208272
0.7539894706884992
0.15143515635881669
0.7872510256461357
0.9781401352868621
