0.9363792118010483
0.9052116356304493
1.0
0.0
1.0
1.0
1.0
0.15139734109601002
0.5988751049740155
0.5855700749881525
0.9052116356304493
1.0
0.7967610662472993
0.3589542101716347
0.33013764944712026
0.7136540102475308
0.7653606369886217
0.6309297535714575
0.5
0.914856882358379
1.0
1.0
1.0
1.0
0.31488013066763093
1.0
1.0
0.44510108735750953
1.0
0.7542686714597936
1.0
1.0
1.0
0.6051399156371955
1.0
0.9052116356304493
1.0
1.0
1.0
1.0
0.9216017310213247
1.0
1.0
1.0
1.0
0.9363792118010483
0.9266360779006401
0.36885567213865283
1.0
1.0
