1.0
0.9216017310213247
1.0
0.08514311764162098
0.4721567066247473
1.0
1.0
0.6216966993238303
0.8263333286520083
0.8318724637288826
0.8611375561264454
1.0
0.727329844310522
0.5801476231864474
0.2973694836145356
1.0
0.46927872602275644
1.0
0.6309297535714575
1.0
0.9266360779006401
0.9216017310213247
1.0
1.0
0.8899541168509599
1.0
0.8521705090845474
0.48571574856977245
1.0
0.933745776545611
1.0
1.0
1.0
0.9052116356304493
1.0
0.6898286563534621
1.0
0.7799082337019199
1.0
1.0
1.0
1.0
1.0
1.0
1.0
0.5309999066793252
0.8389574121760602
0.6581810421830975
0.7702043899253147
1.0
