0.9529106833856792
0.6567176010085959
0.9210642755873624
0.36085374720520097
0.6361286484625049
0.7205595412000617
0.8561646885816789
0.4945266840592007
0.9455154040974892
0.8318724637288826
0.7504272883694407
0.9709420748176294
0.7473308745826017
0.46304547089900155
0.3371494477145322
0.8701820107125399
0.6736256889789742
1.0
0.6309297535714575
0.7818514638645742
0.6821051747034863
0.7863995993284646
0.8851693174718867
0.9700210958742779
0.79962595560346
0.5674183818314209
0.9020253924655779
0.7627532237745287
0.9649628969903339
0.4031193924063242
0.9081322887868059
1.0
0.8930517572959956
0.971340835227487
0.9006289296297427
0.7607328199075142
0.9928271243134077
0.9015230760564854
0.855182901635057
0.9848460365049939
0.9822646484180746
0.992587468244663
0.6752885913829697
0.9847488822578103
0.9190820297817983
0.44782929743056293
0.5726238648626681
0.379487742662752
0.3405099283236705
1.0
